0
0
0
0
0
0
0
0
0
0
1.01489918370062
1.40641711281259
9.22623383341589
-1.25911638890655
3.22680462641339
-6.15674151897474
-4.38570862827897
1.63274793024207
2.62176407031442
-2.36083824598955
1.37367052274045
-3.36365996714921
2.87124557774094
-3.51173790585502
1.25649578785704
1.7620644639426
7.16440510383103
-5.54726881928014
1.06879369461266
-8.63203522914393
0.634165706071496
3.92155569952538
-5.33591352275866
-1.02572226085548
6.14308709450819
8.27894714608546
0.0102457528029207
7.42913026093745
-0.792763824881684
-4.36967606025394
-0.519204191502255
-8.71300371195234
-4.1312718576815
-3.10611807408099
6.89214099159089
1.11277453494515
10.220709970368
2.22566922907122
1.76818352945269
-1.11866464673352
-4.45770378558833
0.847356499663154
-1.8806948162269
-7.78626704871244
2.57468462525338
-0.824955066907814
1.30999008131439
-2.60197934300729
3.42698113752018
-2.99268770431002
1.77893048644667
3.34095773948017
-0.626753605531328
-4.60184270020563
1.19320015437261
5.38596544278802
-10.8901894424361
0.570024477918716
0.705687158263713
1.74976706204527
-1.8933798502501
1.69090597749542
-2.77044214875302
1.27648613059312
5.74069340975868
-0.453845857128061
-5.39610862357169
-0.516856972879457
2.17048003657642
-1.35112169893136
8.30640129132224
-2.20584666545602
-2.1253874991502
8.14832899088653
1.49320253726366
2.67654687443489
6.66817535944498
-3.27592093899541
-0.928503097860095
4.34745672195926
-3.98329974544054
1.19430805695558
-5.81706673790277
2.5465849596424
11.1782951250609
-0.812688237021799
-2.01133381335501
8.30542695921731
-4.69002354534513
-1.88296002380362
-0.163951836221632
3.03497527391198
-5.44521409771816
-4.83888209397447
1.52220258313318
-0.945706785220269
-8.3800328864721
-8.61799598651026
-8.6606251827118
0.0990485891379396
2.26566538022807
3.33534233587493
-5.30993842827131
-10.0541970581909
2.96115726067783
-0.421026345904116
-0.0887335400072941
-2.03047532530586
-1.55781963073418
9.50877460201229
-0.769248510903023
2.55394214080088
-10.8564887265113
-7.43670727649836
-3.9085179306176
0.733963978317129
1.80829142387207
12.548929194649
-8.78666754142887
-8.64073257291682
-1.4059051311473
-4.34712304414378
-5.19292552566501
4.76446951639989
-2.13339078798532
2.34260807439888
1.01722639615388
-8.00327392719244
3.82930628584267
-1.2815291099639
-3.31077523451715
-0.765932990459642
1.96672475396834
5.52479291095685
0.5104484714728
-8.62339526473358
4.17163350749018
-2.73238911848653
9.22602503698767
3.05016934253818
3.27073393244996
-1.70513353305696
-4.21625062196292
-3.64950043404837
-6.48307022767406
-4.1183871263998
5.90963593115789
-2.99129624210736
-0.297858379588241
7.78692711974276
-2.49354998617323
-1.00723631264003
3.45668667750108
0.997053223065649
2.31300880712339
-1.8917956717889
-0.88446903703376
8.09950330587339
10.1074571872234
-0.171795115831782
-3.87031500011829
-0.454139326363763
-2.88712082966309
-3.59275882513795
-9.87189730194142
-7.75046393783362
-0.146876946514959
-3.23545951566363
6.61141496613301
-9.25602953956294
-4.64345145608352
2.51379615176336
2.34502054134525
-2.20105956661905
-5.01715559941989
-11.8562302475874
-2.3791249707328
2.34770427504566
-0.604833749544088
-6.84597617399844
4.77878116961994
3.68482643368775
-0.951828612578568
0.411021176163771
0.368249426486278
0.89190471762362
3.85921189344112
-1.80160918269742
7.94495623115706
-5.72370840521223
-1.60975713228979
-4.00437197270093
-3.32871214799388
-8.25967912955653
5.8286850310208
0.381408702671668
-0.634593712539187
0.48107657251051
-3.55377776753053
-1.84976811615981
4.48686852602524
-0.332838182010244
2.5551105248118
3.27682715071076
5.14080078052114
-2.67486116571084
-3.72630037562219
1.89723160066727
-4.71415007749969
5.87797228653502
-5.36669020699222
5.45807496429552
8.13224566787752
-6.44248161381514
5.9105682224194
2.59492504860831
0.578287984724664
-1.18982511555664
-0.9285084625238
4.41459522588258
-3.2335068033307
-3.04897981421804
15.451567612898
7.95747911081477
5.43627537132077
4.79004157402034
-0.126868538543673
-8.69775106796599
-0.955140494695565
3.80719125838198
3.35778324440925
8.02217308359378
6.11081658242436
2.26913538249743
-2.7586346793938
-1.41335658121147
2.55308827691907
-2.35503991783539
-2.22378434801561
7.27186060373664
-0.668904588998508
-7.90619052673995
-10.9637571236341
1.22596647072884
-2.39530097155119
-1.98710141648348
-0.698098297064376
0.186162955391916
-5.09552141834955
-0.126734327078168
-10.9783208396461
-4.6693703640209
-1.97082316530012
1.38694100064682
1.38906886606886
6.3337792571777
8.4116140153584
2.2248010114864
-4.13287376992655
2.66629775628368
6.26345765875549
5.64125506691762
0.512393565719626
-7.27802011219999
-6.44357343016906
-1.83052453903942
2.60310236197745
-2.94703702980657
-7.84414738565522
6.60494940828288
-2.26280740947418
5.00186751336399
2.18552147067595
-6.52628690282449
0.27571572814894
3.36933212894927
-3.42865769294525
-3.47158362225829
1.60163000367462
-5.18923602872749
-3.4084557152015
6.62904283629389
-1.71914637884809
2.27328892662491
-2.44406276980493
-7.71831134262867
-2.39221304610316
-2.80767367850376
1.00540294807005
-2.51523439844685
5.05195807983485
-10.27903530852
1.94495027394963
-2.66111021742529
4.82298655558777
0.341221531422984
8.15927262258682
-2.04257940655993
-1.58755661188387
2.37626633528273
5.26742301227261
-6.03967399341891
-13.2502292251728
-0.952068681285822
1.24454755484302
7.6159335082676
-1.30348582006552
0.459071044757647
3.35236677016828
-3.09238059211304
-5.06998225703919
-1.14960407421752
-8.88322100079618
2.52772652201361
-5.18176562313669
-7.77804314595972
0.292701889113975
2.39199139940246
-1.17265735815826
2.65450974806687
3.7708959650876
3.40933433664611
-1.03960222858874
1.32673705312543
-2.76135114341783
7.54846790780694
-3.59986283913422
-5.76279686672303
-3.13088560848325
-3.4713087874023
-6.39274732084881
-6.38472315381516
8.64668720004605
0.335665809443647
-4.61883377187381
5.33553840310705
-4.79223121438844
7.67118744480828
-1.45814524191658
-3.84326881483562
6.60150240722626
-2.78852384051892
0.0447216968187195
3.63580276499513
1.45190430388626
-3.19524749740934
-10.53146409506
-3.91052363609154
3.41248650262704
5.38208323555921
1.22816834711131
4.63556677854622
1.61407124745644
7.26126447690186
7.49566052608719
-2.91657465700505
0.100805293183309
3.00637965682326
6.41662534294896
0.738260078892263
-2.57416265084869
-0.149520066845872
-6.66487726402382
-2.66100560678175
-4.29766856483126
0.911527266629974
-1.22065912007406
5.72831903940631
0.982160884936403
-5.6676729467542
2.19630354531647
-4.97606139225937
1.03658233816908
12.2262953112332
-2.18821163107587
1.00832825441594
5.72906207125642
-5.0754596503488
6.2716154549326
-2.00413849042825
4.16347548318425
-2.66898600055162
8.65354968107354
5.96598403622146
-3.43063347570987
9.14604918126436
-1.39719716324982
4.0330405638693
0.889386408073147
-0.0243624483020885
10.1549745620397
-7.69308657870823
-7.58722937379647
4.05940412492025
-10.8178188273199
4.10827701373765
6.5350823090016
-7.43201167011703
-0.162630359382232
-2.99381452509424
4.66339644089047
-3.16634121111383
4.01894397524172
-3.82152321469101
5.38699259131716
1.86406798952155
-5.92944088224652
-5.75548089725886
0.283243761013018
-9.89024666426042
4.57873628091138
7.38229355329941
3.30673855682343
-5.7373719730054
1.20242771756002
11.1885323030342
6.28840243363885
2.72898873349049
4.37056922798355
6.71707252308204
0.960377254056487
-0.532580476263806
-1.34888261803106
0.807658718515546
-1.16138997573486
-3.82057906268288
-4.64829214662583
3.03933560970099
-2.8255546308623
-4.70589436846028
-6.85668432874627
-6.86782441261866
3.433043170126
-1.82027288549341
3.09525526287014
6.07702474450191
-1.3341494653759
3.62726205206781
14.4797583530979
-1.67683646930932
2.23804821611389
-1.52736695582528
5.58473959734354
-2.00111647444241
-2.08576543390018
3.3148964505606
-0.108763866234779
-3.42318564205026
-10.8340856283319
-7.03934800467067
-2.70328664783504
3.9415671757199
3.49463286049629
2.73093537842999
5.13911941801036
-0.99685371585374
1.90785631918221
-0.309271265545382
2.24615363043813
-0.927497805999077
5.16387260046669
-7.80843510263821
11.8096218721632
-1.35127677357497
-6.16052679748895
-5.72514580891262
-0.206342512686979
6.50900045927203
-4.71652867068329
2.09511637788765
-4.12886204978087
4.77336111623959
-2.75835426232984
-3.98757496960119
10.8820332678307
1.39738142220701
6.54103258960868
4.78745394653522
1.05134449345985
6.76700514172571
-0.570410143190981
2.73027778018925
-7.76888377350277
-6.10981370858929
3.82613079324083
-1.77050822738532
-2.0508564110665
1.92120794577621
-13.1452556590547
-1.80151493545773
-5.39936130291643
2.36164637218429
0.152739454214411
-7.66000993542613
-0.49673868346302
-1.12891618559737
2.62168985198349
-3.1284995525234
-6.74745364681729
-0.377879268057479
2.50648583263188
1.80448011643478
3.30297736471171
-4.68373976129508
-4.2595979323009
-3.34565533757327
3.08627556702575
1.41820301812145
1.75487851016949
5.08751957132256
3.38828102491604
-0.87081015421147
0.808027254292788
11.1404076812754
7.20838254120291
-2.2426777797083
-9.3231376658834
-1.96210457142312
0.671151732693515
-9.98817470183507
6.51440665085256
7.0966465204502
-0.0582583331810118
-1.96085863310064
3.75702786601933
3.65538372532761
-0.64044952346234
-2.78166036271428
1.28792928213871
9.30745330398281
-7.2751312002655
8.59017064658477
-9.18115159528266
-4.18466938702785
2.87236915764773
5.54754523551226
-4.31743273050325
-0.919003221093712
-4.08090771152009
-7.70608478977416
5.70479999253055
-2.40682628792214
0.152897137479415
10.5651211780133
1.70886596328752
-0.131017036515472
3.60139028859082
1.20159938740321
-6.03205039948543
3.6713803638188
0.0420069302273931
-0.444969457386004
3.8095838387822
0.97758258328843
-2.7397856488689
-6.03701336563126
3.25593705928488
3.93723847600199
1.01618659414476
0.45867067809395
-0.448709793037256
-0.591531913402552
-1.05025582535696
7.16795859026505
5.80305230392226
-1.86427217755333
3.69861467985575
-2.8988970713874
-3.58405586087934
-0.611299819505381
1.0363691443488
-2.82733363966706
-7.19609719360784
4.00172293579816
-2.23063111266986
0.114787689968374
2.92364438545799
0.416924204209107
0.113294106052829
1.78746215432092
2.74358241742085
-2.88245878855213
1.76005742675751
3.03364440208698
1.76375303744353
-7.6134776621587
5.73706911883311
-5.20151717990587
9.72628427474791
-3.30707872779133
-1.09779386965845
5.44669483208924
-6.79071388562375
2.31887484499557
3.67838482001329
2.68970048047496
-3.6356033490598
2.27580068589559
-4.89772552012502
1.49402389994789
-2.75888935048819
0.946431493519285
-4.07889677695034
2.06564707551063
-2.4597716693788
-4.25939677565993
-11.032374186151
2.35275752255973
8.69232639242712
-2.77682851117837
7.19432593259612
-0.923477067968374
-4.06116252463223
0.41318798620193
-2.04132570938487
3.47205611019652
-4.29639800945708
0.647009145250933
1.43885535736485
0.636225182754064
1.43268344050097
-2.1178937962451
-7.39479496527366
1.69038022857709
-4.72813377430632
5.56812227315566
-1.54003125194515
4.3136751786528
8.62131494191053
-1.696770571259
-3.00891101504925
5.55855727838798
1.58449342776088
0.186414170629177
0.711107825699207
-3.69507889468098
5.24922562640551
-2.29945308015461
5.55054823474561
-2.43074969533997
7.27961506031132
1.48565040643717
-15.5135197335085
-0.912970528383803
6.2998360440069
-1.59433499948973
-3.25319728947136
2.24418373325191
7.32000032559846
3.70963446671503
0.566422183974854
2.57608294551132
2.59165408408772
-0.900733141700886
1.98800921324375
-0.0646563966549512
3.5073482302543
3.10546722307188
-7.13771053535718
-2.73465315289128
-6.15251805990122
0.48033956808272
-11.3886193582227
-0.5902182645321
5.29077301290625
2.18147474002604
7.05761834074405
-0.0730608560889127
-2.68895718756431
-9.17380483991236
13.1776669826047
1.45386941106974
5.32799322336947
2.67613641301049
-1.93671963923096
-1.59819601325944
-12.6226154699351
-5.03141924852906
-2.12078538588971
-3.30603555338566
3.63783662506987
2.28307089969778
-2.53085349113876
-5.92322793731918
3.90893738000782
-0.401913612123255
1.67081206667313
1.73019956812471
-0.597459167035917
3.58102402724535
1.13972014109411
0.233282198868371
-5.32373261046381
0.199299868318251
4.58432028070876
-2.04378957221158
2.005383000713
3.17488699612475
16.6529249972257
-3.59228930496168
-1.01983352714341
-2.14956161323237
-7.66484797209165
0.918489302810226
1.62708917770063
-1.81228190840795
-0.224765228246858
-0.511901071660845
-1.51103738415654
-4.2679743444849
-3.59647969952501
-4.58516099399545
3.49455959535965
-0.129387804203345
1.64025171591609
-3.5052868738466
-10.8316926140886
0.248866290393618
3.13058089536543
5.71787621099303
-9.10828503803341
1.48442514213932
0.792569550311612
0.230748452217545
-0.55302821355666
9.72326805725037
-5.78987487620165
1.00695299652974
2.20893805722266
-9.88359367124649
2.19403286110452
7.29013790416433
-1.43417073843867
-1.45636020076223
-7.28105359027931
1.5152628116595
5.18277123357564
-6.28708843544184
-6.75716282086707
-3.00210000798439
0.48030565124464
5.60371082110818
2.81028366677385
-0.41128094814508
-4.21789015740838
0.304495533502251
2.69433433847259
-3.6089234570246
1.15001086861428
1.35063367099484
6.63300388492577
7.780653311045
-9.31616549151351
5.47228714000733
-3.2474206040796
-6.56197100488339
-3.03191333669201
-2.38676733733008
1.56210153967197
-1.07879275252998
-6.76058487129412
-1.74132685768834
-9.53647084465286
7.911580074387
-3.21842181168835
3.4769638077483
3.33644581647241
-3.27206601993876
-7.6362026535591
-7.65783941156145
4.03504857371158
-0.598376219123833
5.31448175470894
-2.33954364721855
-14.6364489489573
-5.42565502909425
3.97857592478149
1.03908892016917
9.35351181824281
1.73262405738636
-8.96555916753398
12.4133852066621
5.36476742569146
-7.29973807835359
1.10499617653034
-0.222582723544368
-3.78881950536781
-9.06825382888525
-4.734589396773
1.37280791477301
-2.77953621408535
-4.28568773129242
0.245702374956001
13.0288263713858
1.22817543803737
3.846666963423
-2.70690873796761
-7.78705680861981
-5.6354311198765
2.71143497619017
0.240869421386836
-0.235675780649179
4.30462457327649
10.405716921267
4.81464821329224
-1.67399938076964
1.50565756883734
4.7056241775638
0.351989848000205
7.36709493028472
6.18010183062283
2.99582335178685
-7.7819345849699
-5.98035154714128
-5.04470113771589
5.23810970094852
-0.12962846149553
9.50558154621139
-0.601892422195996
-0.0526950359774974
-1.12045768157549
6.41960277977332
5.26910460088526
0.932933831660317
-2.50130357431627
-1.87692652845862
-1.81512492035539
3.40613302662634
5.06949396590609
8.2251540319869
5.19123610717898
-5.38971455215844
5.03019732662356
0.632257347921817
-3.54587346382833
-1.00424126181018
-0.721690731319899
0.00981453659207305
0.708601653435472
-0.6775184144796
-2.22324879316355
6.16251554263955
7.23535046604633
2.72553140664146
0.349203367953574
7.11085028739776
-1.84398611651887
-1.50683181800235
0.28387678037896
4.9805261010753
-0.509366043955987
2.74613076330156
-0.500633389610263
1.11502966310312
-9.89018806407553
6.98355456214543
5.03278042205088
-5.3010023346969
-12.3742688098662
8.28417489032405
0.29537637749831
4.66934354784891
2.96461937355478
2.0682504366957
5.86818295784116
2.37998680822846
-8.52486440298173
3.3983528372564
-1.70169932403129
0.96963136273246
1.09794102299229
1.71608575541484
-2.7885279851227
-2.85719533599525
-5.37091884100438
5.48516962329014
0.469651444138365
2.2660848080022
5.17416377458064
-5.78016503223683
-5.67384455236469
-0.881347815237578
3.45308735424847
-4.34462620649544
-3.75770634400786
2.67088922945862
1.57147147648255
2.785583592795
3.46266410202244
5.22262629638621
-8.68369852251132
0.72339839831279
1.84141356683828
-8.50697920389147
0.466050826579936
5.33720674378031
-7.60406678942095
0.211306002708137
-2.88028418763574
3.53477384484382
-5.61153142442602
-5.65268400112941
6.47349669378662
2.41113828011908
6.84996295968756
4.33541517493684
3.07706060268825
0.600571898969815
-6.60881989146566
-0.0340445110263161
1.03110687360846
2.53318925477173
-4.56198473375461
0.456599990208894
8.59076799870771
-2.75711904090122
0.530528850630141
0.887992523666183
-4.58764051952935
1.8106423880975
1.05794299687236
-11.8854360844718
11.0790161457797
6.87634143785757
6.05431564757621
4.28777668648533
-1.71136552536381
-5.99574610625563
-2.3490314367886
2.51279467344294
9.5533895842337
-5.01024653484292
9.33802054142457
-5.26149459336156
4.01824372438395
-0.363338196513189
-9.76003519379114
12.4982807691763
-6.0328032267201
-3.53707860790759
-2.25467300684834
-1.87709739958238
1.06435128650969
1.64637736310058
10.4603342422275
7.10887503892286
4.81611742245453
-3.28700479649302
5.37129655988691
-0.99436326296439
-1.44358709427713
2.72940586765978
-5.97676772227724
-12.0254482751112
-2.0677310356514
-4.21678732285649
4.26676028369788
-1.31274547758401
7.19799238722367
-2.62390251315824
3.13150729234293
2.45186917785099
1.96066796027759
-4.8464258275985
0.300758269725747
-0.632889305406101
-2.88582009252081
-1.52588108024615
-2.41638934711508
-1.55144001207832
-4.30772733676516
-6.10011605874134
-3.22748202774249
-1.44571186213798
5.00210918938238
-2.94031843949588
7.78741715894578
-6.80686603017813
9.50040807558582
0.88929612337582
-10.8330480672198
3.53446108676293
-11.1266723276055
1.70599586890063
11.2561903955573
-0.830683483767171
2.43511479206691
3.36484509002033
-1.87477794674428
4.10244394136108
-1.87436921015739
4.3924591611279
-4.99005782452353
0.352303296891202
-1.45270840614453
-3.89171153301964
0.442781263550853
-7.368372152615
-8.19897320776114
-7.26640351671222
0
0
0
0
0
0
0
0
0
0
