0.000000
0.186245
0.115429
0.000000
0.000000
0.000000
-0.000000
-0.039273
-0.034734
0.030851
0.028005
0.000000
0.000000
-0.021935
0.000000
0.019165
0.000000
0.000000
-0.015936
0.000000
-0.057414
-0.013706
-0.000000
0.025027
-0.023942
0.000000
-0.022191
0.000000
0.000000
-0.009966
-0.000000
-0.009321
-0.009043
0.000000
-0.000000
0.008279
-0.000000
-0.015656
0.000000
-0.051856
-0.064929
-0.007047
-0.000000
-0.006733
-0.000000
-0.000000
-0.012573
-0.006159
0.000000
-0.011812
0.000000
0.005664
-0.005560
0.005460
-0.000000
0.000000
0.000000
0.005093
0.000000
-0.004919
0.000000
-0.000000
0.000000
0.000000
-0.004544
0.000000
-0.008822
-0.004342
-0.004275
-0.008430
0.000000
0.000000
0.004035
0.000000
0.000000
0.000000
0.000000
-0.003779
0.000000
-0.003682
0.000000
0.000000
-0.007098
0.000000
0.000000
-0.017124
0.000000
0.000000
0.000000
-0.003277
0.000000
0.006408
-0.015853
-0.015673
-0.003102
0.000000
-0.006068
-0.003004
-0.000000
-0.002943
0.000000
-0.002887
-0.000000
-0.002827
0.005597
0.005541
-0.000000
0.000000
