1.765529806608785
-0.49164198626456657
0.22849709280574296
-1.3108725529811782
-0.5488931176708194
3.419763605667045
-3.1242500741621093
-5.586260990220261
2.6559817382874695
-4.738404784197566
0.9721887968903605
2.6903915918951964
-3.0779427987256143
9.9582591422024
-0.28962852171673115
0.23049287536271576
8.512620241446186
4.456544024785303
5.2668528278780045
-4.6748422599558275
-5.576547752594582
-3.1367269805141227
5.084568485417725
5.929704359152156
-4.73276880673848
7.571101093499218
-3.087373120762741
4.303093323610759
10.031496850696378
-3.04293911814544
2.638438035481986
-0.3170590968646763
-2.9743279151033497
3.5530847325734314
-1.1437427897684143
-8.559652237969928
4.392488985976103
-4.787269530756218
-9.333984524476739
-1.4719045821033032
1.7763083293817732
1.080874660426668
1.800818057018408
-1.2548585731822972
1.7483478273849073
2.6619970188725857
-2.1775500598612383
4.306821343007714
3.5758790165186953
5.126790945245696
-1.2213947410196324
-6.485675043428092
0.21092739112070075
4.235010681085018
-1.2098525737602626
2.7470138263210995
3.3558344344925906
-7.297243581381484
1.7443227932155942
-13.568566394610935
2.4674422529294593
-2.2716801828405635
-1.3398516245852319
0.21649855002569662
9.243794331675275
10.923420211347949
-4.67403995932137
-3.981968104013879
0.15554891246214297
7.5383127874080005
6.102508011994856
2.0186804681447725
-3.068954407088532
-0.5096983626843946
-1.2969318190196286
4.305118278401496
-1.1874141367316644
-4.684159338180753
0.24504802786917515
-1.2711609223607543
0.18934603116719906
12.728573363854334
5.267203911987376
-4.79660412584368
1.85165346053419
0.2864043169189241
4.268572709090417
0.4481635694793326
-1.2964338081786553
-3.88872342952132
-3.1758127814606865
-0.484547765417214
1.7735252712188145
-4.736746202737278
0.9885350360560066
3.437655898817246
-0.49114180969842
-2.9895307822786257
5.93235750093123
14.346876638147773
-3.853641974773321
1.0473978167291786
-5.6531563536375025
-4.906832912377502
-7.281187543664751
3.454889622609282
-4.766750367679975
1.8361685769203524
1.0342963248024912
-6.426211111317931
0.9981062709067237
-6.49279884649528
2.6576386087567414
-5.667028497421615
3.362035148106494
2.7333445862963575
1.1783013825732156
2.4972376806350205
-11.991009162982703
-4.934447446353473
-4.0887973630413725
-7.3422679836191085
-4.1290440633510235
-1.516716038013187
-0.6366516896279126
8.448539987628061
-7.8518343273650215
1.0208046873997676
-2.197266223696381
5.062471321479199
9.143433373440791
-2.144241734230044
1.876358140748775
2.689999481909723
-2.1314822093613293
-4.787299738795073
1.7456063135953808
-1.2957522215092325
7.618188726341838
-3.9026801869768137
-2.285632897277637
4.340737401201833
-0.4242848776056724
8.377524610253554
6.086854720186546
-2.131669611485874
2.6428849227301794
-3.13415023007303
-4.6814335555409246
3.5238698482947033
4.327730152557523
-3.9378319626000566
-3.1134432810379593
-2.294794582176228
-6.448282149822932
1.0183651252489785
-3.063762562252979
6.838910475420351
-10.205186401844747
-4.8700486324558945
-7.748234316107296
-2.374279552530766
-4.03583234795219
-2.3643842890416553
-3.177839197090634
10.059913929405557
4.448867083977606
-3.943012578380679
0.21462030472646684
-2.0330111214299937
-1.3575619639463736
-2.2145603382387655
-0.7733860870094871
-2.756967225640063
-2.2572295583862845
-0.23418262754783736
1.072655268752698
-0.45433879188193976
0.3044248606148723
1.593656747713843
2.673797581295031
3.9752519044938115
2.757661022724319
-0.21159808162452032
0.9193454448328671
2.2157916415600907
-2.097509468713869
-0.4112036031353566
1.0597019232671563
-0.8373077032130646
-3.2902792634221347
-2.60031828019322
-3.1387310212034665
-4.728665396364112
-3.350418159341909
-1.3261508468580763
-4.7043636794919195
-4.834539837457084
-3.0556653205687923
-2.3066449741378108
-0.5540534575704851
1.0901081520468483
-1.2693021313164607
-0.25585762413352453
-3.8874921294264073
-3.1593034082839333
-3.9244060942130528
-2.2672722232640687
-1.3897408373804714
-0.5292050644083602
0.7976519049598145
-2.012810909045524
-0.4212199975332572
-3.9202352804493814
-6.13494813852372
-4.999946257592725
-4.060452818707419
-2.1514397737354525
-1.3871452366751105
-3.901267748751369
-4.749496229185435
-3.579039377759903
-2.330714614680536
-1.420210779858527
0.025737651317197227
0.985648876166785
-0.7904986270391129
-0.514422762851386
1.1056370721054591
-1.8024270449671354
-1.4896764950735197
-0.693208847595205
0.09169630400508898
-1.329802511533894
-6.584363584405524
-6.742821977271188
-5.854978558415409
-5.121495217383701
-4.183418692103726
-3.497379878833175
-2.5483293157745655
-1.5755027143755596
-0.3487088076854064
-1.107091203637275
-0.34785678691706723
1.5160171814112955
-1.8877221523231233
-1.5447799595835028
-2.440756140595687
-1.6235434023335416
-0.1985342597641917
0.877695878650597
1.5817963172150027
-1.5174042043060254
-3.7350477199653183
-2.7607288303328503
