-2.0558212101459503 , 0.8858828544616699
-1.8273966312408447 , 0.7771381139755249
-2.0558212101459503 , 0.6533055901527405
-1.5989720523357391 , 0.382865309715271
-1.8273966312408447 , 0.2646051347255707
-1.5989720523357391 , 0.18205159902572632
-1.142122894525528 , 0.16272953152656555
-1.3705474734306335 , 0.33939316868782043
-1.3705474734306335 , 0.5064204335212708
-1.5989720523357391 , 0.725438117980957
-1.8273966312408447 , 0.9314259886741638
-1.3705474734306335 , 0.9911954998970032
-1.3705474734306335 , 1.0980784893035889
-1.142122894525528 , 1.1170151233673096
-1.142122894525528 , 1.1099255084991455
-1.5989720523357391 , 1.0755339860916138
-1.142122894525528 , 1.0243316888809204
-1.5989720523357391 , 0.8965320587158203
-1.5989720523357391 , 0.8279674649238586
-1.5989720523357391 , 0.6760702729225159
-0.9136983156204224 , 0.6134165525436401
-0.9136983156204224 , 0.5572115182876587
-1.142122894525528 , 0.419989675283432
-1.142122894525528 , 0.22566446661949158
-0.9136983156204224 , 0.10010124742984772
-1.142122894525528 , -0.15050992369651794
-1.3705474734306335 , -0.2763422131538391
-1.142122894525528 , -0.5412917733192444
-1.142122894525528 , -0.6653231978416443
-1.142122894525528 , -0.8886709213256836
-1.142122894525528 , -0.9642427563667297
-1.5989720523357391 , -1.103451132774353
-1.8273966312408447 , -1.2208160161972046
-1.8273966312408447 , -1.2644259929656982
-1.8273966312408447 , -1.543622612953186
-2.284245789051056 , -1.6943604946136475
-2.741094946861267 , -2.2449851036071777
-2.9695195257663727 , -2.5021679401397705
-2.284245789051056 , -2.7597641944885254
-2.284245789051056 , -3.2741806507110596
-2.5126703679561615 , -3.4229273796081543
-2.284245789051056 , -3.5888497829437256
-2.9695195257663727 , -3.9494431018829346
-3.1979441046714783 , -4.289833068847656
-3.1979441046714783 , -4.644952297210693
-3.6547932624816895 , -5.034063816070557
-3.6547932624816895 , -5.213573455810547
-3.426368683576584 , -5.472332000732422
-4.340066999197006 , -5.53853178024292
-5.025340735912323 , -5.882744789123535
-4.568491578102112 , -6.174359321594238
-4.568491578102112 , -6.850128173828125
-4.340066999197006 , -7.187346458435059
-4.568491578102112 , -7.516047477722168
-5.253765314817429 , -8.040555953979492
-5.482189893722534 , -8.214561462402344
-5.71061447262764 , -8.52122688293457
-5.025340735912323 , -8.660540580749512
-6.624312788248062 , -9.0292387008667
-6.3958882093429565 , -9.190839767456055
-6.852737367153168 , -9.261263847351074
-6.3958882093429565 , -9.76626968383789
-6.624312788248062 , -9.948685646057129
-6.624312788248062 , -10.51185417175293
-6.852737367153168 , -10.767141342163086
-7.5380111038684845 , -11.036409378051758
-7.5380111038684845 , -11.61232852935791
-7.994860261678696 , -11.818206787109375
-7.081161946058273 , -11.991548538208008
-7.994860261678696 , -12.227290153503418
-8.451709419488907 , -12.29494857788086
-8.680133998394012 , -12.406214714050293
-7.994860261678696 , -12.864044189453125
-8.680133998394012 , -13.19955825805664
-7.994860261678696 , -13.564123153686523
-9.36540773510933 , -14.182369232177734
-8.680133998394012 , -14.51025390625
-8.908558577299118 , -14.828901290893555
-9.36540773510933 , -15.460492134094238
-9.36540773510933 , -15.736696243286133
-9.82225689291954 , -16.24131202697754
-9.593832314014435 , -16.434358596801758
-10.050681471824646 , -16.648174285888672
-10.050681471824646 , -17.045663833618164
-9.36540773510933 , -17.208263397216797
-10.735955208539963 , -17.391830444335938
-10.964379787445068 , -17.437366485595703
-10.735955208539963 , -17.412647247314453
-11.192804366350174 , -17.31338882446289
-11.42122894525528 , -17.269794464111328
-10.279106050729752 , -17.238924026489258
-10.964379787445068 , -17.139537811279297
-11.42122894525528 , -16.999330520629883
-11.649653524160385 , -16.9163875579834
-12.106502681970596 , -16.885786056518555
-10.735955208539963 , -16.918455123901367
-10.964379787445068 , -16.959444046020508
-10.735955208539963 , -17.081836700439453
-10.964379787445068 , -17.137474060058594
-10.050681471824646 , -17.207483291625977
-11.649653524160385 , -17.428054809570312
-10.964379787445068 , -17.595964431762695
-11.649653524160385 , -17.779787063598633
-11.42122894525528 , -18.010379791259766
-11.42122894525528 , -18.49686622619629
-12.106502681970596 , -18.68321990966797
-11.192804366350174 , -18.820913314819336
-12.334927260875702 , -19.075849533081055
-12.791776418685913 , -19.247987747192383
-12.563351839780807 , -19.388647079467773
-12.334927260875702 , -19.714061737060547
-13.020200997591019 , -19.877565383911133
-12.334927260875702 , -20.04128074645996
-12.334927260875702 , -20.40528106689453
-14.619173049926758 , -20.580652236938477
-12.791776418685913 , -20.74505043029785
-13.705474734306335 , -21.067718505859375
-13.705474734306335 , -21.230920791625977
-13.705474734306335 , -21.43466567993164
-14.162323892116547 , -21.990617752075195
-13.933899313211441 , -22.231918334960938
-15.076022207736969 , -22.474720001220703
-14.390748471021652 , -22.7958984375
-14.390748471021652 , -22.9322509765625
-15.761295944452286 , -23.028474807739258
-14.847597628831863 , -23.23692512512207
-15.53287136554718 , -23.341638565063477
-14.619173049926758 , -23.422273635864258
-13.705474734306335 , -23.447463989257812
-14.619173049926758 , -23.326902389526367
-15.304446786642075 , -23.27633285522461
-14.390748471021652 , -23.257211685180664
-16.446569681167603 , -23.384986877441406
-14.390748471021652 , -23.541475296020508
-15.53287136554718 , -23.70481300354004
-15.53287136554718 , -24.047574996948242
-13.020200997591019 , -24.198781967163086
-15.761295944452286 , -24.287548065185547
-14.390748471021652 , -24.3789005279541
-15.761295944452286 , -24.37051010131836
-15.076022207736969 , -24.32785415649414
-15.761295944452286 , -24.276348114013672
-16.218145102262497 , -24.28203773498535
-16.446569681167603 , -24.253143310546875
-15.53287136554718 , -24.050983428955078
-15.304446786642075 , -23.916400909423828
-15.53287136554718 , -23.793668746948242
-15.761295944452286 , -23.835084915161133
-15.989720523357391 , -23.851213455200195
-15.53287136554718 , -23.76500701904297
-14.847597628831863 , -23.588314056396484
-15.53287136554718 , -23.512432098388672
-14.619173049926758 , -23.320852279663086
-15.53287136554718 , -23.501739501953125
-14.390748471021652 , -23.53680992126465
-15.304446786642075 , -23.516048431396484
-14.847597628831863 , -23.523853302001953
-14.390748471021652 , -23.509016036987305
-14.390748471021652 , -23.299427032470703
-12.791776418685913 , -23.082828521728516
-15.989720523357391 , -22.820030212402344
-14.390748471021652 , -22.305770874023438
-15.53287136554718 , -22.095552444458008
-14.162323892116547 , -21.662227630615234
-14.390748471021652 , -21.397890090942383
-15.53287136554718 , -21.179996490478516
-14.619173049926758 , -20.999069213867188
-14.847597628831863 , -20.461435317993164
-13.47705015540123 , -19.616905212402344
-14.162323892116547 , -19.10698890686035
-13.933899313211441 , -18.007343292236328
-13.47705015540123 , -17.288957595825195
-12.334927260875702 , -15.709060668945312
-13.248625576496124 , -14.89501667022705
-13.248625576496124 , -14.00682544708252
-14.162323892116547 , -13.666318893432617
-13.705474734306335 , -12.95414924621582
-12.334927260875702 , -12.523239135742188
-14.390748471021652 , -11.610997200012207
-12.791776418685913 , -11.099270820617676
-12.106502681970596 , -9.952709197998047
-10.964379787445068 , -9.282366752624512
-10.507530629634857 , -8.544234275817871
-8.908558577299118 , -6.848825454711914
-8.451709419488907 , -5.918171405792236
-8.908558577299118 , -5.474087715148926
-8.908558577299118 , -5.037878513336182
-7.309586524963379 , -5.070329666137695
-4.796916157007217 , -4.748291969299316
-5.482189893722534 , -4.4477763175964355
-3.1979441046714783 , -3.745582103729248
-3.6547932624816895 , -3.380959987640381
-2.9695195257663727 , -2.692943811416626
-2.9695195257663727 , -2.222999095916748
-2.9695195257663727 , -1.1461206674575806
-2.284245789051056 , -0.5414639115333557
-1.8273966312408447 , 0.7536782622337341
-1.5989720523357391 , 1.2395519018173218
-0.2284245789051056 , 1.7569234371185303
-0.2284245789051056 , 2.0629806518554688
-0.9136983156204224 , 2.774770736694336
-0.6852737367153168 , 3.1513288021087646
-0.2284245789051056 , 3.873960256576538
-0.6852737367153168 , 4.203194618225098
-0.2284245789051056 , 4.788930892944336
0.0 , 5.143425464630127
0.6852737367153168 , 5.440151214599609
1.3705474734306335 , 5.384015083312988
2.0558212101459503 , 5.338602542877197
1.142122894525528 , 5.470978736877441
2.5126703679561615 , 5.891982078552246
3.6547932624816895 , 6.017560005187988
4.111642420291901 , 6.044764995574951
4.568491578102112 , 6.115043640136719
5.71061447262764 , 6.158048152923584
6.624312788248062 , 6.178125381469727
6.624312788248062 , 6.326508045196533
7.081161946058273 , 6.450662612915039
6.852737367153168 , 6.9535932540893555
8.223284840583801 , 8.701570510864258
8.223284840583801 , 10.03702163696289
8.223284840583801 , 11.290443420410156
7.081161946058273 , 12.39449405670166
5.482189893722534 , 12.974964141845703
7.309586524963379 , 13.953351020812988
9.136983156204224 , 15.447750091552734
8.908558577299118 , 16.453264236450195
9.593832314014435 , 17.447473526000977
9.136983156204224 , 17.933273315429688
10.279106050729752 , 19.01064682006836
11.42122894525528 , 20.518627166748047
13.248625576496124 , 21.1380558013916
13.248625576496124 , 22.014663696289062
14.162323892116547 , 22.767314910888672
14.619173049926758 , 23.124662399291992
14.847597628831863 , 23.6918888092041
15.989720523357391 , 23.833660125732422
17.13184341788292 , 24.16896629333496
17.360267996788025 , 24.65616798400879
18.273966312408447 , 25.20760154724121
19.872938364744186 , 25.53133773803711
17.360267996788025 , 25.86217498779297
18.502390891313553 , 26.164091110229492
18.73081547021866 , 26.313695907592773
18.959240049123764 , 26.594131469726562
20.101362943649292 , 26.921266555786133
20.329787522554398 , 27.10648536682129
20.101362943649292 , 27.59966468811035
19.416089206933975 , 28.129348754882812
20.78663668036461 , 28.378341674804688
20.78663668036461 , 28.784440994262695
20.101362943649292 , 29.134763717651367
21.015061259269714 , 29.314687728881836
22.157184153795242 , 29.68657875061035
21.70033499598503 , 29.903461456298828
21.70033499598503 , 30.309528350830078
21.015061259269714 , 30.479209899902344
21.24348583817482 , 30.63216781616211
21.928759574890137 , 30.853511810302734
21.70033499598503 , 30.906078338623047
22.157184153795242 , 30.9825496673584
23.29930704832077 , 30.949169158935547
23.070882469415665 , 30.893129348754883
21.70033499598503 , 30.714162826538086
21.24348583817482 , 30.624469757080078
22.614033311605453 , 30.420663833618164
23.070882469415665 , 30.219928741455078
22.84245789051056 , 29.87711524963379
21.70033499598503 , 29.53208351135254
22.157184153795242 , 29.352279663085938
23.29930704832077 , 28.924455642700195
22.157184153795242 , 28.711997985839844
21.24348583817482 , 28.224672317504883
21.471910417079926 , 27.93134117126465
20.101362943649292 , 27.275400161743164
20.78663668036461 , 26.9171142578125
21.471910417079926 , 26.17369270324707
18.502390891313553 , 25.795013427734375
18.502390891313553 , 24.99273109436035
17.58869257569313 , 24.574506759643555
18.502390891313553 , 23.782093048095703
18.04554173350334 , 23.39363670349121
17.13184341788292 , 22.597564697265625
16.446569681167603 , 22.155790328979492
15.53287136554718 , 21.24561309814453
15.076022207736969 , 20.817663192749023
14.390748471021652 , 20.055574417114258
12.334927260875702 , 19.38759422302246
12.563351839780807 , 19.044504165649414
12.106502681970596 , 18.327062606811523
11.649653524160385 , 17.934675216674805
10.964379787445068 , 17.184532165527344
10.279106050729752 , 16.816543579101562
10.507530629634857 , 16.071372985839844
10.050681471824646 , 15.667840957641602
8.908558577299118 , 14.814208984375
9.136983156204224 , 14.375779151916504
7.994860261678696 , 13.529241561889648
7.76643568277359 , 13.137059211730957
7.081161946058273 , 12.37894344329834
6.167463630437851 , 11.976449012756348
5.939039051532745 , 11.08993148803711
5.253765314817429 , 10.64203929901123
4.340066999197006 , 9.741161346435547
4.340066999197006 , 9.302145957946777
3.883217841386795 , 8.398266792297363
2.9695195257663727 , 7.93026065826416
2.741094946861267 , 6.9834489822387695
2.0558212101459503 , 6.039585590362549
1.3705474734306335 , 5.534801006317139
0.9136983156204224 , 5.2274065017700195
1.142122894525528 , 4.527774333953857
1.142122894525528 , 4.290801048278809
1.3705474734306335 , 3.8484575748443604
1.5989720523357391 , 2.84390926361084
0.6852737367153168 , 2.4054477214813232
0.6852737367153168 , 1.9224876165390015
0.2284245789051056 , 1.478655219078064
0.0 , 0.787031888961792
0.0 , 0.4643872380256653
-0.2284245789051056 , 0.14821285009384155
-0.6852737367153168 , -0.17459644377231598
-0.6852737367153168 , -0.5162337422370911
-1.142122894525528 , -1.2423697710037231
-1.142122894525528 , -1.6888773441314697
-1.3705474734306335 , -1.886936902999878
-1.8273966312408447 , -2.0947630405426025
-1.3705474734306335 , -2.3916821479797363
-2.284245789051056 , -2.5656323432922363
-1.142122894525528 , -2.9748077392578125
-2.0558212101459503 , -3.2091550827026367
-2.0558212101459503 , -3.7363922595977783
-2.5126703679561615 , -4.262589454650879
-2.5126703679561615 , -4.559904098510742
-2.9695195257663727 , -5.155085563659668
-3.426368683576584 , -5.4189558029174805
-3.1979441046714783 , -5.648573875427246
-3.883217841386795 , -6.119316101074219
-4.111642420291901 , -6.204087257385254
-3.6547932624816895 , -6.260009765625
-3.6547932624816895 , -6.241896152496338
-3.426368683576584 , -6.154819965362549
-3.883217841386795 , -6.086799144744873
-3.883217841386795 , -5.952520847320557
-3.883217841386795 , -5.911273002624512
-3.6547932624816895 , -5.88608980178833
-3.883217841386795 , -5.891241550445557
-3.883217841386795 , -5.900798320770264
-4.111642420291901 , -5.958077907562256
-3.883217841386795 , -6.018118858337402
-4.340066999197006 , -6.22162389755249
-4.568491578102112 , -6.409474849700928
-3.883217841386795 , -6.799867630004883
-4.568491578102112 , -7.018414497375488
-5.253765314817429 , -7.326879978179932
-4.796916157007217 , -7.474905014038086
-4.796916157007217 , -7.48347282409668
-4.568491578102112 , -7.47534704208374
-5.025340735912323 , -7.47824764251709
-5.253765314817429 , -7.560218811035156
-5.253765314817429 , -7.607244491577148
-4.568491578102112 , -7.885545253753662
-4.796916157007217 , -8.033222198486328
-5.025340735912323 , -8.322083473205566
-4.796916157007217 , -8.33727741241455
-4.796916157007217 , -8.246591567993164
-5.253765314817429 , -7.969402313232422
-5.253765314817429 , -7.808200359344482
-4.796916157007217 , -7.4221272468566895
-4.340066999197006 , -7.237259864807129
-4.111642420291901 , -6.9684062004089355
-3.883217841386795 , -6.884930610656738
-4.340066999197006 , -6.709294319152832
-4.111642420291901 , -6.461691856384277
-4.111642420291901 , -6.324316501617432
-4.111642420291901 , -5.9798383712768555
-4.340066999197006 , -5.765253067016602
-3.6547932624816895 , -5.4090576171875
-3.6547932624816895 , -5.261018753051758
-3.426368683576584 , -4.998717784881592
-3.6547932624816895 , -4.779811382293701
-2.741094946861267 , -4.68512487411499
-3.1979441046714783 , -4.487206935882568
-3.1979441046714783 , -4.38348388671875
-3.1979441046714783 , -4.1789164543151855
-2.9695195257663727 , -3.9918110370635986
-3.1979441046714783 , -3.791119337081909
-3.1979441046714783 , -3.669241428375244
-2.741094946861267 , -3.7743618488311768
-2.741094946861267 , -3.997720241546631
-3.426368683576584 , -4.2968363761901855
-3.6547932624816895 , -4.629244804382324
-2.741094946861267 , -4.920250415802002
-2.741094946861267 , -5.198415279388428
-2.9695195257663727 , -5.430496692657471
-2.741094946861267 , -5.7475056648254395
-3.1979441046714783 , -5.882445335388184
-4.111642420291901 , -6.0800251960754395
-4.111642420291901 , -6.051995754241943
-4.111642420291901 , -5.925891399383545
-3.883217841386795 , -5.733292579650879
-4.111642420291901 , -5.644656658172607
-3.6547932624816895 , -5.467177391052246
-3.426368683576584 , -5.344245433807373
-2.9695195257663727 , -5.174156188964844
-3.426368683576584 , -5.019372463226318
-3.6547932624816895 , -4.948196887969971
-4.340066999197006 , -4.932312965393066
-3.883217841386795 , -4.951937198638916
-3.426368683576584 , -5.018319129943848
-3.1979441046714783 , -5.067150592803955
-3.6547932624816895 , -5.17144250869751
-3.883217841386795 , -5.238595962524414
-4.340066999197006 , -5.3611369132995605
-3.883217841386795 , -5.402102947235107
-3.883217841386795 , -5.505404472351074
-4.111642420291901 , -5.58645486831665
-5.025340735912323 , -5.632254123687744
-4.340066999197006 , -5.714165687561035
-3.6547932624816895 , -5.748044967651367
-3.6547932624816895 , -5.799251079559326
-4.340066999197006 , -5.813974857330322
-3.883217841386795 , -5.817314624786377
-3.883217841386795 , -5.814311981201172
-4.340066999197006 , -5.798346519470215
-4.111642420291901 , -5.767493724822998
-4.340066999197006 , -5.749796390533447
-4.111642420291901 , -5.719886302947998
-5.025340735912323 , -5.6944475173950195
-4.796916157007217 , -5.639889717102051
-4.568491578102112 , -5.613837242126465
-3.6547932624816895 , -5.58091402053833
-4.340066999197006 , -5.574747562408447
-3.883217841386795 , -5.579827785491943
-3.883217841386795 , -5.599273204803467
-3.883217841386795 , -5.607900619506836
-4.111642420291901 , -5.634859085083008
-4.340066999197006 , -5.6577019691467285
-4.340066999197006 , -5.6994757652282715
-3.883217841386795 , -5.810296058654785
-4.340066999197006 , -5.930900573730469
-4.340066999197006 , -5.947506904602051
-4.111642420291901 , -5.888892650604248
-4.568491578102112 , -5.6911468505859375
-3.883217841386795 , -5.549615383148193
-4.796916157007217 , -5.212991237640381
-4.340066999197006 , -4.8978190422058105
-5.025340735912323 , -4.789149761199951
-4.340066999197006 , -4.708957672119141
-4.796916157007217 , -4.711774826049805
-5.025340735912323 , -4.693861961364746
-4.111642420291901 , -4.546219348907471
-3.6547932624816895 , -4.426687240600586
-4.111642420291901 , -4.112771987915039
-3.6547932624816895 , -3.9345667362213135
-4.111642420291901 , -3.6192657947540283
-3.426368683576584 , -3.3550472259521484
-3.6547932624816895 , -3.240572929382324
-2.9695195257663727 , -3.0282390117645264
-2.9695195257663727 , -2.9249842166900635
-2.5126703679561615 , -2.6791415214538574
-2.0558212101459503 , -2.514627456665039
-2.284245789051056 , -2.1589252948760986
-1.8273966312408447 , -1.8211904764175415
-2.741094946861267 , -1.6514856815338135
-2.0558212101459503 , -1.4441301822662354
-1.5989720523357391 , -1.3379499912261963
-1.8273966312408447 , -0.9229022860527039
-1.3705474734306335 , -0.6208463311195374
-0.6852737367153168 , 0.14060242474079132
-1.142122894525528 , 0.3297165036201477
-1.142122894525528 , 0.5904055833816528
-0.9136983156204224 , 0.7437116503715515
-1.3705474734306335 , 0.8885293006896973
-0.9136983156204224 , 1.0822712182998657
-0.4568491578102112 , 1.6153663396835327
-0.4568491578102112 , 1.854801893234253
-0.6852737367153168 , 2.4010210037231445
-0.2284245789051056 , 2.7913990020751953
0.0 , 2.9372856616973877
0.4568491578102112 , 3.0744471549987793
0.4568491578102112 , 3.0884287357330322
0.4568491578102112 , 3.1663734912872314
0.0 , 3.467257499694824
0.2284245789051056 , 3.6025278568267822
0.9136983156204224 , 3.8141698837280273
0.4568491578102112 , 3.869518995285034
0.4568491578102112 , 3.842172861099243
0.9136983156204224 , 3.841352701187134
0.6852737367153168 , 3.890132427215576
0.6852737367153168 , 4.11884069442749
0.6852737367153168 , 4.273125171661377
0.9136983156204224 , 4.632490158081055
0.6852737367153168 , 4.807511806488037
0.9136983156204224 , 5.089474201202393
1.142122894525528 , 5.29077672958374
1.5989720523357391 , 5.386972427368164
0.6852737367153168 , 5.5030741691589355
0.6852737367153168 , 5.883944988250732
1.3705474734306335 , 6.389127254486084
1.3705474734306335 , 6.660128593444824
0.9136983156204224 , 7.176325798034668
0.4568491578102112 , 7.41414737701416
0.2284245789051056 , 7.810930252075195
0.6852737367153168 , 7.974630832672119
0.9136983156204224 , 8.233553886413574
1.142122894525528 , 8.4156494140625
1.5989720523357391 , 8.51717758178711
1.8273966312408447 , 8.785813331604004
2.284245789051056 , 8.949493408203125
1.8273966312408447 , 9.296087265014648
2.741094946861267 , 9.512056350708008
2.5126703679561615 , 10.055201530456543
2.284245789051056 , 10.668803215026855
3.1979441046714783 , 10.943294525146484
2.741094946861267 , 11.538652420043945
4.340066999197006 , 12.125655174255371
4.568491578102112 , 12.416260719299316
4.796916157007217 , 13.006001472473145
5.71061447262764 , 13.586614608764648
5.253765314817429 , 13.84749698638916
6.167463630437851 , 14.297769546508789
6.167463630437851 , 14.51282787322998
6.624312788248062 , 14.90569019317627
6.3958882093429565 , 15.077055931091309
7.309586524963379 , 15.399078369140625
7.76643568277359 , 15.546963691711426
8.223284840583801 , 15.872136116027832
7.081161946058273 , 16.042430877685547
7.994860261678696 , 16.208765029907227
7.5380111038684845 , 16.525287628173828
8.908558577299118 , 16.653690338134766
9.136983156204224 , 16.86884117126465
9.82225689291954 , 17.077312469482422
9.82225689291954 , 17.216646194458008
10.507530629634857 , 17.50591278076172
10.735955208539963 , 17.651046752929688
10.050681471824646 , 17.93029022216797
8.908558577299118 , 18.198963165283203
10.050681471824646 , 18.33403968811035
9.593832314014435 , 18.567960739135742
10.964379787445068 , 18.67722511291504
10.964379787445068 , 18.888654708862305
11.192804366350174 , 19.067733764648438
11.192804366350174 , 19.137317657470703
11.42122894525528 , 19.23456382751465
10.735955208539963 , 19.279766082763672
10.964379787445068 , 19.345821380615234
11.42122894525528 , 19.36199951171875
11.87807810306549 , 19.3614501953125
12.106502681970596 , 19.333337783813477
11.192804366350174 , 19.23172950744629
11.649653524160385 , 19.105581283569336
11.649653524160385 , 19.04003143310547
12.106502681970596 , 18.916446685791016
11.192804366350174 , 18.8555850982666
11.42122894525528 , 18.730077743530273
12.106502681970596 , 18.656875610351562
11.649653524160385 , 18.47515296936035
10.964379787445068 , 18.259387969970703
10.964379787445068 , 18.130462646484375
11.649653524160385 , 17.87329864501953
11.192804366350174 , 17.650468826293945
11.192804366350174 , 17.553970336914062
10.050681471824646 , 17.388282775878906
10.050681471824646 , 17.318340301513672
10.050681471824646 , 17.21136474609375
10.507530629634857 , 17.115657806396484
9.82225689291954 , 17.07171058654785
10.507530629634857 , 16.95488929748535
11.649653524160385 , 16.89784049987793
9.82225689291954 , 16.80501937866211
10.507530629634857 , 16.75266456604004
10.735955208539963 , 16.640716552734375
10.050681471824646 , 16.520225524902344
10.507530629634857 , 16.462610244750977
10.050681471824646 , 16.35856819152832
9.593832314014435 , 16.32467269897461
10.735955208539963 , 16.272554397583008
9.593832314014435 , 16.2258358001709
10.735955208539963 , 16.195209503173828
9.82225689291954 , 16.095706939697266
9.82225689291954 , 16.049598693847656
9.593832314014435 , 16.018516540527344
8.680133998394012 , 16.03316307067871
9.136983156204224 , 16.10490608215332
9.136983156204224 , 16.1429386138916
9.36540773510933 , 16.2319393157959
9.36540773510933 , 16.266433715820312
9.36540773510933 , 16.3212947845459
9.136983156204224 , 16.358163833618164
9.593832314014435 , 16.361019134521484
8.680133998394012 , 16.273483276367188
9.82225689291954 , 16.059913635253906
9.82225689291954 , 15.924361228942871
8.908558577299118 , 15.632543563842773
9.136983156204224 , 15.499924659729004
8.680133998394012 , 15.226628303527832
8.908558577299118 , 15.137247085571289
7.994860261678696 , 14.81690788269043
8.223284840583801 , 14.386750221252441
7.76643568277359 , 14.146001815795898
7.309586524963379 , 13.68900203704834
7.994860261678696 , 13.473756790161133
7.309586524963379 , 13.14716625213623
7.081161946058273 , 12.873878479003906
6.167463630437851 , 12.72709846496582
5.939039051532745 , 12.411626815795898
5.939039051532745 , 12.244543075561523
5.482189893722534 , 11.886798858642578
5.025340735912323 , 11.51085376739502
4.796916157007217 , 11.305078506469727
5.482189893722534 , 10.861412048339844
5.025340735912323 , 10.615070343017578
4.340066999197006 , 10.049474716186523
3.6547932624816895 , 9.73445987701416
3.883217841386795 , 9.114364624023438
3.1979441046714783 , 8.50910472869873
2.5126703679561615 , 8.215340614318848
2.284245789051056 , 7.576958179473877
2.0558212101459503 , 6.823453426361084
1.8273966312408447 , 5.975950241088867
1.3705474734306335 , 5.536035537719727
0.6852737367153168 , 4.907802581787109
0.9136983156204224 , 4.168478488922119
1.142122894525528 , 3.8252265453338623
0.2284245789051056 , 3.5690979957580566
0.9136983156204224 , 3.3520779609680176
0.4568491578102112 , 3.0149409770965576
0.2284245789051056 , 2.718595027923584
0.2284245789051056 , 2.1491925716400146
0.4568491578102112 , 1.9445496797561646
0.0 , 1.4704467058181763
0.2284245789051056 , 1.2428067922592163
0.2284245789051056 , 1.1972640752792358
0.4568491578102112 , 1.083444356918335
0.0 , 0.9692443013191223
0.0 , 0.5969961881637573
0.0 , 0.4251764416694641
-0.2284245789051056 , 0.15111885964870453
-0.2284245789051056 , 0.084781214594841
-0.9136983156204224 , 0.09633693099021912
-0.9136983156204224 , 0.16821657121181488
-1.142122894525528 , 0.45179054141044617
-0.6852737367153168 , 0.805706799030304
-1.142122894525528 , 0.9901010990142822
0.0 , 1.3013942241668701
-0.4568491578102112 , 1.3821442127227783
-0.4568491578102112 , 1.2511851787567139
-0.6852737367153168 , 1.1067476272583008
-0.2284245789051056 , 0.7957701683044434
-0.2284245789051056 , 0.6658627390861511
-0.6852737367153168 , 0.4571130871772766
-1.142122894525528 , 0.2667313516139984
-1.142122894525528 , 0.1308719366788864
-0.4568491578102112 , -0.2646094262599945
-0.4568491578102112 , -0.4950896203517914
-0.6852737367153168 , -0.9177284836769104
-1.142122894525528 , -1.2439404726028442
-0.9136983156204224 , -1.368468999862671
-0.9136983156204224 , -1.6038397550582886
-0.6852737367153168 , -1.674403190612793
-1.142122894525528 , -1.898886799812317
-1.142122894525528 , -2.1921989917755127
-1.3705474734306335 , -2.322662353515625
-1.5989720523357391 , -2.5180256366729736
-1.3705474734306335 , -2.7066800594329834
-2.0558212101459503 , -2.780856132507324
-1.5989720523357391 , -2.963271141052246
-1.8273966312408447 , -3.034489631652832
-1.8273966312408447 , -3.108405113220215
-1.8273966312408447 , -3.0955049991607666
-1.8273966312408447 , -3.0251383781433105
-1.8273966312408447 , -2.8123302459716797
-1.142122894525528 , -2.6691911220550537
-1.3705474734306335 , -2.2623937129974365
-1.3705474734306335 , -2.0376780033111572
-1.5989720523357391 , -1.6805781126022339
-0.4568491578102112 , -1.4936619997024536
-0.6852737367153168 , -0.9316051006317139
-0.6852737367153168 , 0.12464478611946106
-0.4568491578102112 , 0.6128097772598267
0.0 , 1.9995708465576172
0.4568491578102112 , 2.9566259384155273
0.2284245789051056 , 4.582132816314697
0.6852737367153168 , 5.526065349578857
0.6852737367153168 , 6.627963066101074
0.9136983156204224 , 7.890997409820557
1.8273966312408447 , 8.424918174743652
2.284245789051056 , 9.48216438293457
1.5989720523357391 , 10.463711738586426
2.9695195257663727 , 10.880376815795898
3.1979441046714783 , 11.721487998962402
4.340066999197006 , 12.446595191955566
5.253765314817429 , 12.869583129882812
4.796916157007217 , 13.733227729797363
5.939039051532745 , 14.646119117736816
6.167463630437851 , 15.086251258850098
7.081161946058273 , 15.883109092712402
7.5380111038684845 , 16.22767448425293
6.852737367153168 , 16.7862491607666
7.081161946058273 , 17.18622589111328
7.76643568277359 , 17.32184600830078
9.36540773510933 , 17.4337100982666
8.908558577299118 , 17.379117965698242
8.908558577299118 , 17.296743392944336
9.136983156204224 , 17.113557815551758
8.451709419488907 , 16.976972579956055
7.994860261678696 , 16.523487091064453
7.081161946058273 , 15.872608184814453
8.223284840583801 , 15.083161354064941
6.3958882093429565 , 14.648727416992188
6.624312788248062 , 13.676534652709961
5.71061447262764 , 13.086849212646484
5.025340735912323 , 11.658143997192383
4.111642420291901 , 10.819708824157715
3.1979441046714783 , 8.98714828491211
2.9695195257663727 , 7.119560241699219
2.284245789051056 , 6.636131286621094
1.5989720523357391 , 4.718600749969482
0.2284245789051056 , 3.3679842948913574
0.6852737367153168 , 1.739793300628662
0.2284245789051056 , -0.03508816659450531
-0.2284245789051056 , -1.0675506591796875
-0.9136983156204224 , -2.6030020713806152
-1.142122894525528 , -3.3527235984802246
-2.5126703679561615 , -4.8827900886535645
-3.426368683576584 , -6.328763484954834
-3.426368683576584 , -7.107536315917969
-4.340066999197006 , -8.419677734375
-5.253765314817429 , -9.584184646606445
-5.71061447262764 , -10.024428367614746
-6.624312788248062 , -10.690181732177734
-6.3958882093429565 , -11.196517944335938
-7.081161946058273 , -11.464978218078613
-7.081161946058273 , -12.034598350524902
-7.081161946058273 , -12.314205169677734
-6.852737367153168 , -12.863381385803223
-7.081161946058273 , -13.323092460632324
-7.76643568277359 , -13.500438690185547
-7.081161946058273 , -13.799222946166992
-7.081161946058273 , -13.930265426635742
-7.76643568277359 , -14.139676094055176
-7.994860261678696 , -14.246286392211914
-8.451709419488907 , -14.25960922241211
-8.223284840583801 , -14.209924697875977
-8.223284840583801 , -14.16408920288086
-9.136983156204224 , -14.033454895019531
-8.680133998394012 , -13.979690551757812
-8.451709419488907 , -13.789153099060059
-7.76643568277359 , -13.49751091003418
-7.5380111038684845 , -13.05199146270752
-8.223284840583801 , -12.759506225585938
-7.309586524963379 , -12.031096458435059
-6.624312788248062 , -11.132035255432129
-6.167463630437851 , -10.632148742675781
-5.482189893722534 , -9.532843589782715
-4.796916157007217 , -8.321858406066895
-5.025340735912323 , -7.033652305603027
-4.340066999197006 , -5.805477142333984
-4.568491578102112 , -5.234297275543213
-4.796916157007217 , -4.180920600891113
-3.6547932624816895 , -3.6777729988098145
-3.426368683576584 , -3.178866147994995
-2.0558212101459503 , -2.1755974292755127
-2.0558212101459503 , -1.6662805080413818
-2.284245789051056 , -1.1567068099975586
-2.0558212101459503 , -0.25969821214675903
-0.6852737367153168 , 0.0695088803768158
-0.9136983156204224 , 0.30848395824432373
-1.142122894525528 , 0.49437057971954346
-0.6852737367153168 , 0.5379664897918701
-0.6852737367153168 , 0.6071898937225342
-0.9136983156204224 , 0.66935133934021
-1.142122894525528 , 0.8671797513961792
-0.9136983156204224 , 1.022871732711792
-0.4568491578102112 , 1.1725564002990723
-0.4568491578102112 , 1.4812620878219604
-0.2284245789051056 , 1.5730441808700562
-0.2284245789051056 , 1.6210192441940308
-0.6852737367153168 , 1.6496272087097168
-0.4568491578102112 , 1.6448005437850952
-1.142122894525528 , 1.316593885421753
-0.6852737367153168 , 1.0997732877731323
-0.9136983156204224 , 0.3407825231552124
-1.142122894525528 , -0.07559607923030853
-1.3705474734306335 , -0.4936331510543823
-0.6852737367153168 , -1.390305519104004
-1.3705474734306335 , -1.83394455909729
-1.8273966312408447 , -2.648759126663208
-1.8273966312408447 , -3.0040531158447266
-2.5126703679561615 , -3.6063942909240723
-2.5126703679561615 , -3.842097759246826
-2.0558212101459503 , -4.05158805847168
-2.284245789051056 , -4.433530807495117
-2.9695195257663727 , -4.575016975402832
-3.426368683576584 , -4.691650390625
-2.741094946861267 , -4.813551902770996
-3.426368683576584 , -4.845654487609863
-3.426368683576584 , -4.7859697341918945
-3.6547932624816895 , -4.713109493255615
-3.1979441046714783 , -4.608808517456055
-3.883217841386795 , -4.300796031951904
-3.6547932624816895 , -4.118185520172119
-2.9695195257663727 , -3.9445972442626953
-3.426368683576584 , -3.7113494873046875
-3.426368683576584 , -3.666123390197754
-3.1979441046714783 , -3.6588640213012695
-3.1979441046714783 , -3.70603084564209
-3.1979441046714783 , -3.7784640789031982
-3.883217841386795 , -4.033621788024902
-4.111642420291901 , -4.2571024894714355
-4.796916157007217 , -4.906244277954102
-4.340066999197006 , -5.29150390625
-4.568491578102112 , -5.691320419311523
-5.025340735912323 , -6.473759651184082
-5.253765314817429 , -6.848789691925049
-5.025340735912323 , -7.218750953674316
-5.253765314817429 , -7.924262046813965
-5.71061447262764 , -8.300086975097656
-6.167463630437851 , -9.093585014343262
-6.624312788248062 , -9.508604049682617
-7.081161946058273 , -9.92405891418457
-7.309586524963379 , -10.749589920043945
-7.5380111038684845 , -11.157976150512695
-7.994860261678696 , -11.993317604064941
-8.223284840583801 , -12.463088035583496
-8.680133998394012 , -12.94189453125
-8.223284840583801 , -13.883204460144043
-7.5380111038684845 , -14.338883399963379
-8.451709419488907 , -15.258225440979004
-8.680133998394012 , -15.720044136047363
-9.36540773510933 , -16.594446182250977
-8.451709419488907 , -17.002025604248047
-8.223284840583801 , -17.399662017822266
-10.507530629634857 , -18.149168014526367
-10.279106050729752 , -18.516374588012695
-12.106502681970596 , -19.236194610595703
-11.42122894525528 , -19.581783294677734
-10.964379787445068 , -19.905010223388672
-10.507530629634857 , -20.504467010498047
-11.649653524160385 , -20.78260040283203
-12.563351839780807 , -21.311901092529297
-13.248625576496124 , -21.570079803466797
-12.791776418685913 , -22.054473876953125
-12.791776418685913 , -22.29355239868164
-14.847597628831863 , -22.51726531982422
-14.619173049926758 , -22.878080368041992
-14.390748471021652 , -22.99998664855957
-14.390748471021652 , -23.06781005859375
-14.162323892116547 , -23.047266006469727
-14.619173049926758 , -22.972209930419922
-15.761295944452286 , -22.73220443725586
-15.53287136554718 , -22.587383270263672
-14.619173049926758 , -22.341148376464844
-14.162323892116547 , -22.257225036621094
-15.989720523357391 , -22.19550895690918
-15.304446786642075 , -22.103578567504883
-15.304446786642075 , -22.071971893310547
-14.847597628831863 , -22.049928665161133
-14.162323892116547 , -22.085342407226562
-15.989720523357391 , -22.150836944580078
-14.162323892116547 , -22.33355140686035
-15.53287136554718 , -22.41515350341797
-15.076022207736969 , -22.567384719848633
-15.761295944452286 , -22.63051414489746
-15.304446786642075 , -22.68228530883789
-16.674994260072708 , -22.7573184967041
-14.619173049926758 , -22.75580596923828
-14.619173049926758 , -22.72856330871582
-15.761295944452286 , -22.635995864868164
-13.705474734306335 , -22.564132690429688
-15.989720523357391 , -22.423839569091797
-15.304446786642075 , -22.370847702026367
-15.761295944452286 , -22.327430725097656
-16.674994260072708 , -22.276519775390625
-14.390748471021652 , -22.265785217285156
-14.162323892116547 , -22.258638381958008
-14.847597628831863 , -22.286447525024414
-15.53287136554718 , -22.310819625854492
-15.076022207736969 , -22.3758544921875
-14.619173049926758 , -22.392980575561523
-14.619173049926758 , -22.404312133789062
-13.933899313211441 , -22.33856964111328
-15.304446786642075 , -22.284626007080078
-15.989720523357391 , -22.140470504760742
-14.390748471021652 , -22.05255126953125
-14.619173049926758 , -21.792081832885742
-13.705474734306335 , -21.62298583984375
-13.705474734306335 , -21.005708694458008
-13.47705015540123 , -20.740922927856445
-13.705474734306335 , -20.460609436035156
-11.87807810306549 , -19.892147064208984
-12.791776418685913 , -19.61182403564453
-10.964379787445068 , -19.360889434814453
-11.87807810306549 , -18.915456771850586
-11.192804366350174 , -18.68861961364746
-10.964379787445068 , -17.9654598236084
-10.735955208539963 , -17.51280403137207
-11.649653524160385 , -16.994993209838867
-9.136983156204224 , -15.981114387512207
-8.680133998394012 , -15.337574005126953
-9.136983156204224 , -14.51548957824707
-9.36540773510933 , -13.105661392211914
-7.994860261678696 , -12.430835723876953
-7.5380111038684845 , -11.81025505065918
-7.994860261678696 , -10.875113487243652
-7.76643568277359 , -10.42342472076416
-7.309586524963379 , -9.867213249206543
-7.76643568277359 , -8.871644020080566
-7.081161946058273 , -8.412422180175781
-6.852737367153168 , -8.103876113891602
-6.624312788248062 , -7.748696327209473
-7.081161946058273 , -7.702720642089844
-6.852737367153168 , -7.7419753074646
-6.852737367153168 , -7.952780246734619
-6.3958882093429565 , -8.00683879852295
-7.081161946058273 , -7.978171348571777
-7.309586524963379 , -7.721404075622559
-6.3958882093429565 , -7.53411865234375
-5.939039051532745 , -7.32762336730957
-6.167463630437851 , -6.928537368774414
-6.3958882093429565 , -6.793647766113281
-6.167463630437851 , -6.662171840667725
-5.253765314817429 , -6.3036699295043945
-5.482189893722534 , -6.086067199707031
-5.482189893722534 , -5.819399833679199
-5.025340735912323 , -5.082459449768066
-4.568491578102112 , -4.61531400680542
-4.796916157007217 , -3.9164676666259766
-5.253765314817429 , -3.729691505432129
-4.111642420291901 , -3.7201595306396484
-4.568491578102112 , -3.661918878555298
-4.111642420291901 , -3.6225008964538574
-3.1979441046714783 , -3.496779441833496
-2.9695195257663727 , -3.42868709564209
-2.9695195257663727 , -3.243959665298462
-3.6547932624816895 , -3.0940306186676025
-3.883217841386795 , -2.957016706466675
-3.426368683576584 , -2.5820488929748535
-2.9695195257663727 , -2.36079478263855
-4.111642420291901 , -2.15031361579895
-2.741094946861267 , -1.6682037115097046
-2.741094946861267 , -1.4052999019622803
-2.284245789051056 , -1.0528942346572876
-2.284245789051056 , -0.6171520948410034
-2.0558212101459503 , -0.41910380125045776
-1.3705474734306335 , -0.1641407608985901
-1.3705474734306335 , 0.03756929561495781
-1.5989720523357391 , 0.36747169494628906
-1.5989720523357391 , 0.5378098487854004
-1.3705474734306335 , 0.6942967772483826
-1.8273966312408447 , 1.0146214962005615
-1.3705474734306335 , 1.1834133863449097
-0.9136983156204224 , 1.3175380229949951
-1.3705474734306335 , 1.5144357681274414
-1.142122894525528 , 1.5831186771392822
-0.9136983156204224 , 1.7099045515060425
-0.6852737367153168 , 2.012699604034424
-0.2284245789051056 , 2.1614465713500977
-0.6852737367153168 , 2.333657741546631
-0.4568491578102112 , 2.7367660999298096
-0.6852737367153168 , 2.831108570098877
-0.2284245789051056 , 2.9110524654388428
-0.2284245789051056 , 2.9724178314208984
-0.2284245789051056 , 3.0389599800109863
-0.4568491578102112 , 3.0564029216766357
0.0 , 3.086138963699341
0.0 , 3.200237989425659
0.0 , 3.279934883117676
0.0 , 3.2799508571624756
-0.2284245789051056 , 3.0788962841033936
0.0 , 2.923886299133301
0.0 , 2.7740070819854736
-0.2284245789051056 , 2.4970784187316895
-0.4568491578102112 , 2.3586034774780273
-0.4568491578102112 , 2.204662322998047
-0.6852737367153168 , 1.8835631608963013
-0.2284245789051056 , 1.7382030487060547
-0.2284245789051056 , 1.6928744316101074
-0.2284245789051056 , 1.2823542356491089
-0.6852737367153168 , 0.9561407566070557
-1.3705474734306335 , 0.7258676886558533
-1.142122894525528 , 0.4426547884941101
-1.3705474734306335 , -0.115925133228302
-1.3705474734306335 , -0.29425346851348877
-1.8273966312408447 , -0.4570951461791992
-1.3705474734306335 , -0.7082437872886658
-1.5989720523357391 , -0.8203111290931702
-1.3705474734306335 , -0.968127429485321
-1.8273966312408447 , -1.2842551469802856
-2.0558212101459503 , -1.4505224227905273
-2.5126703679561615 , -1.6225557327270508
-2.0558212101459503 , -1.8010767698287964
-2.5126703679561615 , -2.167717218399048
-2.741094946861267 , -2.3167898654937744
-2.284245789051056 , -2.426168203353882
-3.1979441046714783 , -2.5909457206726074
-3.6547932624816895 , -2.6920382976531982
-2.9695195257663727 , -2.754422187805176
-2.5126703679561615 , -2.808049440383911
-2.5126703679561615 , -2.8197803497314453
-2.741094946861267 , -2.7880547046661377
-2.9695195257663727 , -2.6956658363342285
-2.9695195257663727 , -2.651832342147827
-2.741094946861267 , -2.593557596206665
-2.741094946861267 , -2.5443341732025146
-2.9695195257663727 , -2.3811795711517334
-2.5126703679561615 , -2.2580997943878174
-3.1979441046714783 , -2.1239213943481445
-2.284245789051056 , -1.874759554862976
-2.284245789051056 , -1.7894225120544434
-2.5126703679561615 , -1.7141964435577393
-2.284245789051056 , -1.5151958465576172
-2.0558212101459503 , -1.4124009609222412
-2.284245789051056 , -1.3165363073349
-2.0558212101459503 , -1.1202703714370728
-1.5989720523357391 , -1.0126121044158936
-1.3705474734306335 , -0.8973233103752136
-1.142122894525528 , -0.7941322326660156
-1.5989720523357391 , -0.6383269429206848
-1.3705474734306335 , -0.5762190818786621
-1.5989720523357391 , -0.5278775095939636
-1.142122894525528 , -0.43573126196861267
-1.3705474734306335 , -0.3993965983390808
-1.3705474734306335 , -0.3993804454803467
-1.3705474734306335 , -0.49514496326446533
-1.142122894525528 , -0.5760849714279175
-1.3705474734306335 , -0.6621279716491699
-1.3705474734306335 , -0.821912944316864
-1.5989720523357391 , -0.8721599578857422
-1.142122894525528 , -0.8940529823303223
-1.5989720523357391 , -0.9138240218162537
-1.142122894525528 , -0.9066534638404846
-0.9136983156204224 , -0.8980453610420227
-1.5989720523357391 , -0.8887148499488831
-1.3705474734306335 , -0.8891619443893433
-1.142122894525528 , -0.8977651000022888
-0.9136983156204224 , -0.8809455633163452
-1.142122894525528 , -0.8643580079078674
-0.9136983156204224 , -0.8521672487258911
-1.142122894525528 , -0.8357042074203491
-1.3705474734306335 , -0.8435800075531006
-1.142122894525528 , -0.8681765198707581
-1.5989720523357391 , -0.882118821144104
-1.3705474734306335 , -0.9231173992156982
-0.9136983156204224 , -0.9477150440216064
-1.3705474734306335 , -0.9615147113800049
-1.5989720523357391 , -0.9768150448799133
-1.3705474734306335 , -0.9983797073364258
-1.142122894525528 , -1.0101174116134644
-1.142122894525528 , -1.0357458591461182
-0.9136983156204224 , -1.1392199993133545
-1.3705474734306335 , -1.2052091360092163
-0.6852737367153168 , -1.2589112520217896
-0.9136983156204224 , -1.2933450937271118
-1.142122894525528 , -1.2785841226577759
-0.6852737367153168 , -1.2463842630386353
-1.142122894525528 , -1.220942735671997
-0.6852737367153168 , -1.1880487203598022
-0.9136983156204224 , -1.1888432502746582
-0.6852737367153168 , -1.2025701999664307
-1.142122894525528 , -1.2578017711639404
-1.142122894525528 , -1.294278621673584
-1.5989720523357391 , -1.333891749382019
-1.3705474734306335 , -1.387911319732666
-1.142122894525528 , -1.3868623971939087
-0.9136983156204224 , -1.3761212825775146
-0.6852737367153168 , -1.3416171073913574
-1.142122894525528 , -1.3139508962631226
-0.6852737367153168 , -1.2819461822509766
-1.5989720523357391 , -1.2633001804351807
-0.9136983156204224 , -1.25819993019104
-0.6852737367153168 , -1.2504909038543701
-1.142122894525528 , -1.234693169593811
-0.6852737367153168 , -1.2181577682495117
-1.3705474734306335 , -1.194406270980835
-1.142122894525528 , -1.1290615797042847
-1.3705474734306335 , -1.0873854160308838
-1.3705474734306335 , -1.0582295656204224
-1.8273966312408447 , -1.0475032329559326
-1.5989720523357391 , -1.0526845455169678
-1.5989720523357391 , -1.064130425453186
-1.8273966312408447 , -1.0344403982162476
-1.142122894525528 , -1.0092418193817139
-0.9136983156204224 , -0.97145015001297
-1.142122894525528 , -0.9174600839614868
-1.8273966312408447 , -0.8839191794395447
-1.5989720523357391 , -0.8489567041397095
-1.3705474734306335 , -0.7544244527816772
-0.6852737367153168 , -0.7165411114692688
-1.142122894525528 , -0.6980605721473694
-1.142122894525528 , -0.6995687484741211
-1.142122894525528 , -0.7153851985931396
-1.3705474734306335 , -0.7142193913459778
-1.3705474734306335 , -0.6963140368461609
-1.8273966312408447 , -0.6145488619804382
-0.4568491578102112 , -0.5448015332221985
-1.5989720523357391 , -0.46198368072509766
-0.9136983156204224 , -0.30215954780578613
-0.6852737367153168 , -0.23335474729537964
-0.4568491578102112 , -0.18207161128520966
-1.142122894525528 , -0.13182759284973145
-0.9136983156204224 , -0.1250782310962677
-1.142122894525528 , -0.11760041117668152
-1.142122894525528 , -0.10121256113052368
-0.6852737367153168 , 0.008795371279120445
-0.6852737367153168 , 0.08024394512176514
-0.6852737367153168 , 0.17161032557487488
-0.2284245789051056 , 0.388683944940567
-0.4568491578102112 , 0.496500164270401
0.0 , 0.5998419523239136
0.2284245789051056 , 0.7962482571601868
0.0 , 0.8737759590148926
0.0 , 0.9501392245292664
0.0 , 1.0121558904647827
0.2284245789051056 , 1.1822357177734375
0.2284245789051056 , 1.295780897140503
0.2284245789051056 , 1.4337453842163086
0.9136983156204224 , 1.5748282670974731
0.6852737367153168 , 1.8717334270477295
0.9136983156204224 , 2.0225813388824463
1.142122894525528 , 2.154423475265503
0.6852737367153168 , 2.265451431274414
0.6852737367153168 , 2.349412441253662
0.9136983156204224 , 2.4614362716674805
1.3705474734306335 , 2.486046314239502
1.142122894525528 , 2.493520736694336
0.9136983156204224 , 2.50754714012146
1.142122894525528 , 2.5111136436462402
1.142122894525528 , 2.52414608001709
0.9136983156204224 , 2.56862735748291
0.9136983156204224 , 2.5660555362701416
0.4568491578102112 , 2.5471372604370117
0.6852737367153168 , 2.456516981124878
1.142122894525528 , 2.4640564918518066
0.9136983156204224 , 2.4605307579040527
0.4568491578102112 , 2.5272061824798584
0.6852737367153168 , 2.5543339252471924
0.4568491578102112 , 2.6543943881988525
0.6852737367153168 , 2.688518762588501
1.142122894525528 , 2.7543604373931885
1.3705474734306335 , 2.8752522468566895
1.3705474734306335 , 2.9486031532287598
2.0558212101459503 , 3.0371267795562744
1.8273966312408447 , 3.3419013023376465
2.5126703679561615 , 3.583750009536743
2.284245789051056 , 4.171581745147705
2.284245789051056 , 4.428049564361572
1.8273966312408447 , 4.7004618644714355
1.5989720523357391 , 5.293676853179932
1.142122894525528 , 5.584487438201904
0.9136983156204224 , 6.252196311950684
1.142122894525528 , 6.60921573638916
1.142122894525528 , 7.306534767150879
0.6852737367153168 , 7.648891925811768
0.6852737367153168 , 8.28080940246582
0.9136983156204224 , 8.606873512268066
1.3705474734306335 , 8.949851989746094
1.142122894525528 , 9.671585083007812
1.5989720523357391 , 10.021867752075195
1.8273966312408447 , 10.693029403686523
2.741094946861267 , 11.000694274902344
2.5126703679561615 , 11.304449081420898
4.111642420291901 , 11.845634460449219
3.6547932624816895 , 12.085963249206543
3.883217841386795 , 12.293052673339844
4.568491578102112 , 12.55643367767334
5.482189893722534 , 12.55549144744873
5.025340735912323 , 12.422776222229004
5.253765314817429 , 12.625041007995605
5.939039051532745 , 12.59693717956543
5.939039051532745 , 12.647394180297852
5.939039051532745 , 12.84553050994873
7.081161946058273 , 12.826953887939453
6.852737367153168 , 12.798276901245117
7.76643568277359 , 12.93154239654541
7.309586524963379 , 13.035325050354004
7.5380111038684845 , 13.220525741577148
6.852737367153168 , 13.801355361938477
6.167463630437851 , 14.20263671875
5.939039051532745 , 14.618714332580566
6.852737367153168 , 15.195258140563965
7.5380111038684845 , 15.433749198913574
5.939039051532745 , 15.66877555847168
6.3958882093429565 , 16.161006927490234
6.167463630437851 , 16.40142059326172
6.852737367153168 , 16.5638370513916
7.76643568277359 , 16.732650756835938
6.167463630437851 , 17.12774658203125
7.994860261678696 , 17.37015151977539
7.994860261678696 , 17.59174919128418
8.223284840583801 , 18.043062210083008
8.451709419488907 , 18.242847442626953
9.136983156204224 , 18.352169036865234
8.223284840583801 , 18.46343231201172
8.451709419488907 , 18.620227813720703
8.451709419488907 , 18.822031021118164
9.82225689291954 , 19.303712844848633
9.136983156204224 , 19.48586082458496
8.908558577299118 , 19.638519287109375
8.908558577299118 , 19.78156280517578
8.908558577299118 , 19.98093032836914
11.649653524160385 , 20.089628219604492
10.735955208539963 , 20.125394821166992
11.649653524160385 , 20.401369094848633
11.649653524160385 , 20.55289649963379
12.106502681970596 , 20.759809494018555
13.47705015540123 , 20.907028198242188
13.248625576496124 , 21.176088333129883
13.705474734306335 , 21.425352096557617
13.248625576496124 , 21.39759635925293
13.933899313211441 , 21.368480682373047
12.106502681970596 , 21.445358276367188
12.791776418685913 , 21.5603084564209
15.761295944452286 , 21.732208251953125
15.076022207736969 , 22.065895080566406
14.162323892116547 , 22.165742874145508
13.933899313211441 , 22.21381950378418
13.47705015540123 , 22.244342803955078
13.705474734306335 , 22.3099422454834
13.248625576496124 , 22.361888885498047
14.390748471021652 , 22.33751678466797
14.390748471021652 , 21.95865821838379
14.847597628831863 , 21.707679748535156
14.847597628831863 , 21.520715713500977
13.47705015540123 , 21.45018196105957
15.076022207736969 , 21.46504783630371
14.847597628831863 , 21.45903205871582
13.933899313211441 , 21.413480758666992
14.390748471021652 , 21.28263282775879
14.847597628831863 , 21.2071590423584
16.218145102262497 , 21.11672019958496
14.847597628831863 , 20.927515029907227
16.674994260072708 , 20.850513458251953
14.390748471021652 , 20.518634796142578
14.390748471021652 , 20.319847106933594
14.390748471021652 , 20.321596145629883
13.248625576496124 , 20.335193634033203
11.87807810306549 , 19.98628044128418
11.192804366350174 , 20.002429962158203
10.964379787445068 , 20.003196716308594
11.649653524160385 , 19.861705780029297
10.279106050729752 , 19.76177406311035
11.192804366350174 , 19.951919555664062
11.87807810306549 , 20.22699546813965
11.192804366350174 , 20.485193252563477
10.735955208539963 , 20.684751510620117
10.735955208539963 , 20.70305061340332
10.279106050729752 , 20.679855346679688
10.735955208539963 , 20.672653198242188
10.964379787445068 , 20.7038516998291
10.050681471824646 , 20.76795196533203
10.050681471824646 , 20.680648803710938
10.735955208539963 , 20.535799026489258
9.82225689291954 , 20.50144386291504
11.649653524160385 , 20.396991729736328
11.192804366350174 , 20.26640510559082
11.42122894525528 , 20.300199508666992
10.279106050729752 , 20.326839447021484
10.735955208539963 , 20.323354721069336
10.279106050729752 , 20.303953170776367
10.279106050729752 , 20.228321075439453
10.507530629634857 , 20.210987091064453
10.050681471824646 , 20.204923629760742
10.964379787445068 , 20.20421600341797
10.507530629634857 , 20.215194702148438
10.964379787445068 , 20.248828887939453
10.050681471824646 , 20.260406494140625
10.735955208539963 , 20.289257049560547
9.593832314014435 , 20.343563079833984
9.593832314014435 , 20.354368209838867
11.192804366350174 , 20.364336013793945
10.507530629634857 , 20.41318130493164
10.964379787445068 , 20.43009376525879
9.593832314014435 , 20.46691131591797
10.279106050729752 , 20.50216293334961
10.050681471824646 , 20.536983489990234
9.36540773510933 , 20.63220977783203
10.050681471824646 , 20.69585609436035
9.593832314014435 , 20.697839736938477
12.106502681970596 , 20.692928314208984
10.507530629634857 , 20.679534912109375
9.82225689291954 , 20.650455474853516
9.593832314014435 , 20.6392822265625
10.735955208539963 , 20.649316787719727
8.908558577299118 , 20.673934936523438
10.735955208539963 , 20.72053337097168
10.507530629634857 , 20.79708480834961
10.964379787445068 , 20.789642333984375
10.964379787445068 , 20.72930145263672
10.507530629634857 , 20.6197452545166
10.964379787445068 , 20.612953186035156
10.279106050729752 , 20.61396026611328
10.507530629634857 , 20.626876831054688
11.87807810306549 , 20.643285751342773
10.279106050729752 , 20.636472702026367
10.279106050729752 , 20.62201499938965
9.136983156204224 , 20.608476638793945
11.192804366350174 , 20.597190856933594
10.507530629634857 , 20.579164505004883
10.279106050729752 , 20.51162338256836
11.42122894525528 , 20.475736618041992
11.42122894525528 , 20.412128448486328
10.735955208539963 , 20.390628814697266
11.649653524160385 , 20.386568069458008
11.192804366350174 , 20.43863296508789
10.279106050729752 , 20.47484016418457
10.507530629634857 , 20.535476684570312
10.735955208539963 , 20.553442001342773
10.279106050729752 , 20.570140838623047
10.279106050729752 , 20.57045555114746
10.050681471824646 , 20.557392120361328
10.507530629634857 , 20.535219192504883
8.680133998394012 , 20.52972984313965
9.136983156204224 , 20.52755355834961
10.507530629634857 , 20.48610496520996
10.050681471824646 , 20.44537353515625
10.507530629634857 , 20.39797019958496
10.050681471824646 , 20.3292293548584
10.507530629634857 , 20.319286346435547
10.279106050729752 , 20.30582618713379
10.507530629634857 , 20.257638931274414
10.507530629634857 , 20.235544204711914
9.136983156204224 , 20.21918296813965
9.36540773510933 , 20.135087966918945
10.964379787445068 , 20.095352172851562
11.87807810306549 , 19.9843692779541
10.507530629634857 , 19.931079864501953
9.82225689291954 , 19.888994216918945
10.050681471824646 , 19.870786666870117
9.36540773510933 , 19.905263900756836
10.507530629634857 , 20.00163459777832
9.82225689291954 , 20.037097930908203
9.82225689291954 , 20.04277229309082
10.735955208539963 , 20.011962890625
9.593832314014435 , 19.993377685546875
9.82225689291954 , 19.952760696411133
10.735955208539963 , 19.94631004333496
10.735955208539963 , 19.950393676757812
10.050681471824646 , 19.977806091308594
10.735955208539963 , 20.012250900268555
11.42122894525528 , 20.03875732421875
10.279106050729752 , 20.062068939208984
10.507530629634857 , 20.040367126464844
10.964379787445068 , 19.947284698486328
11.42122894525528 , 19.913490295410156
10.050681471824646 , 19.89605712890625
10.050681471824646 , 19.890811920166016
9.593832314014435 , 19.891979217529297
9.82225689291954 , 19.890960693359375
10.507530629634857 , 19.88945770263672
11.192804366350174 , 19.884660720825195
10.735955208539963 , 19.84465789794922
10.050681471824646 , 19.80792236328125
10.279106050729752 , 19.778018951416016
10.050681471824646 , 19.720699310302734
10.050681471824646 , 19.70280647277832
11.192804366350174 , 19.673616409301758
9.593832314014435 , 19.65888023376465
10.279106050729752 , 19.648160934448242
10.279106050729752 , 19.644872665405273
9.136983156204224 , 19.684297561645508
10.735955208539963 , 19.69742774963379
10.735955208539963 , 19.704866409301758
10.050681471824646 , 19.692533493041992
9.593832314014435 , 19.677133560180664
11.649653524160385 , 19.657325744628906
10.050681471824646 , 19.64028549194336
10.507530629634857 , 19.607851028442383
10.050681471824646 , 19.592086791992188
10.735955208539963 , 19.555330276489258
10.735955208539963 , 19.520883560180664
11.42122894525528 , 19.523635864257812
9.593832314014435 , 19.556116104125977
9.593832314014435 , 19.59941291809082
10.507530629634857 , 19.572999954223633
11.42122894525528 , 19.535736083984375
10.507530629634857 , 19.50925636291504
11.192804366350174 , 19.519306182861328
10.507530629634857 , 19.5537109375
10.279106050729752 , 19.646238327026367
9.82225689291954 , 19.66115379333496
10.735955208539963 , 19.65216636657715
10.279106050729752 , 19.628374099731445
10.735955208539963 , 19.605087280273438
10.735955208539963 , 19.544391632080078
10.735955208539963 , 19.51759147644043
10.279106050729752 , 19.473466873168945
10.964379787445068 , 19.465068817138672
10.279106050729752 , 19.476924896240234
10.050681471824646 , 19.497438430786133
10.735955208539963 , 19.538541793823242
10.735955208539963 , 19.553525924682617
10.735955208539963 , 19.563610076904297
10.507530629634857 , 19.56513786315918
12.106502681970596 , 19.5668888092041
10.507530629634857 , 19.573659896850586
10.507530629634857 , 19.58876609802246
10.735955208539963 , 19.63918685913086
12.106502681970596 , 19.657211303710938
11.192804366350174 , 19.663982391357422
11.192804366350174 , 19.66240692138672
11.192804366350174 , 19.694183349609375
11.649653524160385 , 19.71514129638672
10.735955208539963 , 19.704498291015625
11.192804366350174 , 19.695886611938477
11.42122894525528 , 19.707977294921875
11.192804366350174 , 19.711950302124023
11.649653524160385 , 19.71729850769043
10.964379787445068 , 19.75214195251465
10.050681471824646 , 19.7530574798584
10.964379787445068 , 19.74734878540039
10.964379787445068 , 19.757427215576172
10.735955208539963 , 19.77345085144043
10.050681471824646 , 19.778486251831055
10.279106050729752 , 19.786108016967773
11.649653524160385 , 19.785192489624023
10.735955208539963 , 19.777170181274414
10.964379787445068 , 19.781530380249023
10.279106050729752 , 19.796361923217773
10.735955208539963 , 19.799846649169922
11.192804366350174 , 19.81100082397461
10.507530629634857 , 19.825525283813477
10.964379787445068 , 19.877119064331055
10.964379787445068 , 19.90036392211914
10.964379787445068 , 19.91075325012207
10.507530629634857 , 19.94717025756836
10.507530629634857 , 19.95703125
10.964379787445068 , 19.96756935119629
10.735955208539963 , 19.970815658569336
11.42122894525528 , 19.95015525817871
11.192804366350174 , 19.930198669433594
12.106502681970596 , 19.92803955078125
12.334927260875702 , 19.94147300720215
12.334927260875702 , 19.994354248046875
11.87807810306549 , 20.013614654541016
10.507530629634857 , 20.018035888671875
12.106502681970596 , 20.013879776000977
11.42122894525528 , 20.012434005737305
11.87807810306549 , 19.997264862060547
11.649653524160385 , 20.01386833190918
12.334927260875702 , 20.02405548095703
11.42122894525528 , 20.04973793029785
10.735955208539963 , 20.02153778076172
12.563351839780807 , 20.0109806060791
11.42122894525528 , 20.016897201538086
12.106502681970596 , 20.025888442993164
11.42122894525528 , 20.024795532226562
10.050681471824646 , 20.030620574951172
11.192804366350174 , 20.04267692565918
10.507530629634857 , 20.04334259033203
10.964379787445068 , 20.05746841430664
10.964379787445068 , 20.084941864013672
11.649653524160385 , 20.14136505126953
10.279106050729752 , 20.165851593017578
11.192804366350174 , 20.18837547302246
11.42122894525528 , 20.20351791381836
10.735955208539963 , 20.215709686279297
10.507530629634857 , 20.204029083251953
10.964379787445068 , 20.199922561645508
11.42122894525528 , 20.212339401245117
10.735955208539963 , 20.27738380432129
10.964379787445068 , 20.31824493408203
9.82225689291954 , 20.33785629272461
11.42122894525528 , 20.324323654174805
10.507530629634857 , 20.27707290649414
11.192804366350174 , 20.253705978393555
12.106502681970596 , 20.24930191040039
11.649653524160385 , 20.292802810668945
11.87807810306549 , 20.331281661987305
11.87807810306549 , 20.381938934326172
10.507530629634857 , 20.391294479370117
11.87807810306549 , 20.375322341918945
12.334927260875702 , 20.380168914794922
12.334927260875702 , 20.374929428100586
11.42122894525528 , 20.356433868408203
12.563351839780807 , 20.367416381835938
12.106502681970596 , 20.33795738220215
11.649653524160385 , 20.411352157592773
10.735955208539963 , 20.453950881958008
11.649653524160385 , 20.459259033203125
12.334927260875702 , 20.47052001953125
10.735955208539963 , 20.531917572021484
10.964379787445068 , 20.49410629272461
12.334927260875702 , 20.463747024536133
11.192804366350174 , 20.404659271240234
10.735955208539963 , 20.3555850982666
11.42122894525528 , 20.313968658447266
11.42122894525528 , 20.283220291137695
10.964379787445068 , 20.155437469482422
11.192804366350174 , 20.082759857177734
11.649653524160385 , 20.006593704223633
10.735955208539963 , 19.92414093017578
10.735955208539963 , 19.715044021606445
9.36540773510933 , 19.58368492126465
10.507530629634857 , 19.429636001586914
9.82225689291954 , 19.24761390686035
11.192804366350174 , 18.80118179321289
9.136983156204224 , 18.511262893676758
7.994860261678696 , 18.214900970458984
8.451709419488907 , 17.147014617919922
8.223284840583801 , 16.383285522460938
7.309586524963379 , 15.729723930358887
7.081161946058273 , 14.269253730773926
7.5380111038684845 , 13.460504531860352
5.253765314817429 , 12.689447402954102
5.025340735912323 , 11.12381649017334
4.340066999197006 , 10.35922908782959
3.883217841386795 , 9.683760643005371
2.9695195257663727 , 9.074203491210938
2.5126703679561615 , 7.9112935066223145
1.8273966312408447 , 7.360477447509766
1.5989720523357391 , 6.827409744262695
1.3705474734306335 , 5.8843278884887695
0.6852737367153168 , 5.4475297927856445
1.3705474734306335 , 4.688828468322754
0.6852737367153168 , 4.195766925811768
0.6852737367153168 , 3.6260039806365967
0.4568491578102112 , 2.999410629272461
0.6852737367153168 , 1.6568211317062378
-0.2284245789051056 , 1.124820590019226
-0.9136983156204224 , 0.46015679836273193
-0.6852737367153168 , -0.9441623687744141
-1.142122894525528 , -1.5315800905227661
-0.6852737367153168 , -2.100963592529297
-1.3705474734306335 , -3.390610933303833
-1.5989720523357391 , -3.8569223880767822
-2.0558212101459503 , -4.279116153717041
-2.0558212101459503 , -5.079442977905273
-2.741094946861267 , -5.377371311187744
-3.1979441046714783 , -5.6229143142700195
-2.9695195257663727 , -6.042386054992676
-3.6547932624816895 , -6.179927825927734
-3.426368683576584 , -6.306035041809082
-3.883217841386795 , -6.5197343826293945
-3.883217841386795 , -6.605606555938721
-4.340066999197006 , -6.803887367248535
-4.111642420291901 , -6.907417297363281
-3.883217841386795 , -7.022134304046631
-4.111642420291901 , -7.323710918426514
-5.025340735912323 , -7.5266618728637695
-5.025340735912323 , -7.776150703430176
-5.025340735912323 , -8.341930389404297
-4.796916157007217 , -8.648125648498535
-4.568491578102112 , -9.345126152038574
-5.025340735912323 , -9.694665908813477
-5.482189893722534 , -10.360113143920898
-5.025340735912323 , -10.685062408447266
-5.71061447262764 , -10.995711326599121
-5.939039051532745 , -11.284613609313965
-6.852737367153168 , -11.78748893737793
-5.939039051532745 , -11.995840072631836
-7.76643568277359 , -12.183646202087402
-7.5380111038684845 , -12.522985458374023
-6.624312788248062 , -12.677391052246094
-7.5380111038684845 , -12.826173782348633
-8.451709419488907 , -13.122884750366211
-7.994860261678696 , -13.298901557922363
-7.76643568277359 , -13.48006534576416
-7.76643568277359 , -13.811859130859375
-8.223284840583801 , -13.960775375366211
-8.451709419488907 , -14.09511661529541
-8.680133998394012 , -14.339987754821777
-7.994860261678696 , -14.46976089477539
-8.451709419488907 , -14.609838485717773
-7.309586524963379 , -15.01384449005127
-9.136983156204224 , -15.263025283813477
-8.680133998394012 , -15.76990795135498
-9.593832314014435 , -16.039926528930664
-8.908558577299118 , -16.525035858154297
-9.593832314014435 , -16.720212936401367
-9.136983156204224 , -16.86850929260254
-9.593832314014435 , -17.069570541381836
-9.36540773510933 , -17.13818359375
-9.82225689291954 , -17.232728958129883
-9.36540773510933 , -17.290191650390625
-9.136983156204224 , -17.401500701904297
-10.279106050729752 , -17.442825317382812
-10.964379787445068 , -17.524137496948242
-9.82225689291954 , -17.576780319213867
-10.735955208539963 , -17.633563995361328
-11.649653524160385 , -17.77560043334961
-10.507530629634857 , -17.866514205932617
-11.192804366350174 , -18.142969131469727
-11.649653524160385 , -18.33207893371582
-10.735955208539963 , -18.72952651977539
-13.020200997591019 , -18.908166885375977
-10.735955208539963 , -19.067380905151367
-11.649653524160385 , -19.32547950744629
-12.334927260875702 , -19.418434143066406
-11.649653524160385 , -19.501991271972656
-13.47705015540123 , -19.645872116088867
-14.162323892116547 , -19.711599349975586
-12.334927260875702 , -19.781522750854492
-13.47705015540123 , -19.863391876220703
-11.192804366350174 , -20.046062469482422
-12.791776418685913 , -20.147443771362305
-12.563351839780807 , -20.250703811645508
-13.020200997591019 , -20.341798782348633
-12.334927260875702 , -20.544925689697266
-12.791776418685913 , -20.658660888671875
-12.791776418685913 , -20.794218063354492
-13.705474734306335 , -21.039363861083984
-13.020200997591019 , -21.145587921142578
-13.020200997591019 , -21.23491096496582
-12.334927260875702 , -21.409435272216797
-12.106502681970596 , -21.484561920166016
-13.248625576496124 , -21.580230712890625
-12.563351839780807 , -21.607316970825195
-12.791776418685913 , -21.61973762512207
-13.248625576496124 , -21.60099220275879
-13.020200997591019 , -21.58055305480957
-12.563351839780807 , -21.54909896850586
-13.248625576496124 , -21.478633880615234
-12.334927260875702 , -21.469940185546875
-13.705474734306335 , -21.48036003112793
-13.47705015540123 , -21.498598098754883
-12.106502681970596 , -21.509572982788086
-13.933899313211441 , -21.501590728759766
-13.705474734306335 , -21.439769744873047
-13.020200997591019 , -21.39298439025879
-13.020200997591019 , -21.25190544128418
-13.248625576496124 , -21.162311553955078
-13.020200997591019 , -20.97098731994629
-13.248625576496124 , -20.88392448425293
-12.334927260875702 , -20.769182205200195
-13.705474734306335 , -20.6337947845459
-13.705474734306335 , -20.572315216064453
-14.162323892116547 , -20.48723602294922
-12.334927260875702 , -20.444028854370117
-13.705474734306335 , -20.416467666625977
-13.705474734306335 , -20.377933502197266
-12.791776418685913 , -20.36691665649414
-13.020200997591019 , -20.3883113861084
-12.563351839780807 , -20.395355224609375
-12.791776418685913 , -20.391151428222656
-12.791776418685913 , -20.33087921142578
-13.47705015540123 , -20.275127410888672
-12.334927260875702 , -20.122371673583984
-12.106502681970596 , -20.05390739440918
-12.791776418685913 , -20.006786346435547
-13.705474734306335 , -19.962383270263672
-12.563351839780807 , -19.955978393554688
-14.162323892116547 , -19.9520206451416
-13.248625576496124 , -19.94576072692871
-13.248625576496124 , -19.937633514404297
-13.705474734306335 , -19.938112258911133
-13.248625576496124 , -19.977602005004883
-13.020200997591019 , -20.000411987304688
-13.47705015540123 , -20.012170791625977
-13.248625576496124 , -20.037179946899414
-12.791776418685913 , -20.049495697021484
-12.334927260875702 , -20.055068969726562
-12.334927260875702 , -20.064502716064453
-13.020200997591019 , -20.09434700012207
-13.020200997591019 , -20.10101318359375
-13.020200997591019 , -20.113677978515625
-13.47705015540123 , -20.119482040405273
-12.334927260875702 , -20.138660430908203
-12.334927260875702 , -20.17155647277832
-14.162323892116547 , -20.274402618408203
-14.619173049926758 , -20.315677642822266
-13.933899313211441 , -20.34370231628418
-12.791776418685913 , -20.348649978637695
-13.248625576496124 , -20.34362030029297
-13.933899313211441 , -20.358837127685547
-12.791776418685913 , -20.373159408569336
-13.933899313211441 , -20.430652618408203
-13.020200997591019 , -20.471431732177734
-13.705474734306335 , -20.516712188720703
-13.020200997591019 , -20.639142990112305
-12.791776418685913 , -20.707332611083984
-14.619173049926758 , -20.867233276367188
-12.563351839780807 , -20.95009994506836
-13.933899313211441 , -21.025924682617188
-13.933899313211441 , -21.135343551635742
-13.705474734306335 , -21.165376663208008
-14.162323892116547 , -21.181650161743164
-13.47705015540123 , -21.17047691345215
-13.020200997591019 , -21.13264274597168
-13.47705015540123 , -21.06327247619629
-12.791776418685913 , -20.873281478881836
-13.020200997591019 , -20.769689559936523
-12.791776418685913 , -20.6392765045166
-13.020200997591019 , -20.49368667602539
-13.248625576496124 , -20.144506454467773
-13.705474734306335 , -19.92778968811035
-14.390748471021652 , -19.69651985168457
-13.705474734306335 , -19.22356414794922
-14.162323892116547 , -18.98777198791504
-13.705474734306335 , -18.754711151123047
-12.334927260875702 , -18.258270263671875
-12.563351839780807 , -17.997356414794922
-12.334927260875702 , -17.727876663208008
-10.507530629634857 , -17.168014526367188
-10.507530629634857 , -16.87342071533203
-10.735955208539963 , -16.29421043395996
-10.507530629634857 , -16.00110626220703
-12.563351839780807 , -15.716743469238281
-10.507530629634857 , -15.136003494262695
-8.908558577299118 , -14.830155372619629
-8.451709419488907 , -14.173906326293945
-8.908558577299118 , -13.842418670654297
-9.82225689291954 , -13.539127349853516
-8.680133998394012 , -12.981148719787598
-10.050681471824646 , -12.725829124450684
-8.451709419488907 , -12.478910446166992
-7.994860261678696 , -12.011695861816406
-7.76643568277359 , -11.794760704040527
-7.5380111038684845 , -11.570747375488281
-7.994860261678696 , -11.138996124267578
-7.76643568277359 , -10.943143844604492
-7.76643568277359 , -10.771395683288574
-7.309586524963379 , -10.364154815673828
-7.309586524963379 , -10.132460594177246
-8.223284840583801 , -9.90421199798584
-7.309586524963379 , -9.41402530670166
-6.167463630437851 , -9.153826713562012
-6.624312788248062 , -8.866418838500977
-6.624312788248062 , -8.242350578308105
-6.852737367153168 , -7.946298122406006
-6.624312788248062 , -7.665863513946533
-5.253765314817429 , -7.4068074226379395
-5.482189893722534 , -6.882157325744629
-5.025340735912323 , -6.593189716339111
-5.71061447262764 , -6.270429611206055
-5.253765314817429 , -5.557929992675781
-5.482189893722534 , -5.247010231018066
-4.568491578102112 , -4.898280143737793
-4.340066999197006 , -4.3041839599609375
-4.111642420291901 , -4.0370917320251465
-3.883217841386795 , -3.767508029937744
-4.111642420291901 , -3.248471975326538
-3.426368683576584 , -2.9605462551116943
-3.1979441046714783 , -2.709275484085083
-3.1979441046714783 , -2.244107961654663
-2.741094946861267 , -2.055288314819336
-2.741094946861267 , -1.8993865251541138
-2.741094946861267 , -1.5374698638916016
-2.0558212101459503 , -1.3764511346817017
-2.741094946861267 , -1.209898829460144
-2.0558212101459503 , -0.899029016494751
-2.5126703679561615 , -0.7386339902877808
-2.5126703679561615 , -0.4346209764480591
-2.284245789051056 , -0.33052077889442444
-2.0558212101459503 , -0.25150734186172485
-2.284245789051056 , -0.22040843963623047
-2.0558212101459503 , -0.22054423391819
-1.8273966312408447 , -0.21825651824474335
-1.5989720523357391 , -0.18528525531291962
-1.8273966312408447 , -0.1652471125125885
-1.5989720523357391 , -0.12847042083740234
-1.5989720523357391 , -0.14961862564086914
-1.5989720523357391 , -0.1810387820005417
-1.8273966312408447 , -0.2689815163612366
-1.3705474734306335 , -0.3314322829246521
-1.5989720523357391 , -0.3745564818382263
-1.5989720523357391 , -0.37322521209716797
-1.5989720523357391 , -0.35091432929039
-1.8273966312408447 , -0.2780604362487793
-1.5989720523357391 , -0.23547741770744324
-1.5989720523357391 , -0.12778088450431824
-1.8273966312408447 , -0.06370474398136139
-1.5989720523357391 , -0.0025159157812595367
-1.5989720523357391 , 0.08870656043291092
-1.5989720523357391 , 0.09548579156398773
-1.3705474734306335 , 0.024688459932804108
-1.8273966312408447 , -0.045734331011772156
-1.8273966312408447 , -0.13006576895713806
-1.3705474734306335 , -0.2570192813873291
-1.3705474734306335 , -0.3011733889579773
-1.3705474734306335 , -0.3836163580417633
-1.8273966312408447 , -0.42046988010406494
-1.3705474734306335 , -0.4542635381221771
-1.142122894525528 , -0.48003119230270386
-1.5989720523357391 , -0.5121373534202576
-1.5989720523357391 , -0.5246530771255493
-1.5989720523357391 , -0.5299084186553955
-1.5989720523357391 , -0.5182554125785828
-1.5989720523357391 , -0.5045292377471924
-1.3705474734306335 , -0.5135982036590576
-1.3705474734306335 , -0.4359743297100067
-1.3705474734306335 , -0.35111871361732483
-1.3705474734306335 , -0.2893301844596863
-1.142122894525528 , -0.09590855240821838
-1.5989720523357391 , -0.0005613993853330612
-1.8273966312408447 , 0.13105353713035583
-1.8273966312408447 , 0.22109586000442505
-1.8273966312408447 , 0.28916820883750916
-2.0558212101459503 , 0.4223271906375885
-1.5989720523357391 , 0.49025267362594604
-1.142122894525528 , 0.5606061816215515
-1.3705474734306335 , 0.7181759476661682
-0.9136983156204224 , 0.8203820586204529
-1.3705474734306335 , 0.9209573268890381
-1.142122894525528 , 1.0168708562850952
-0.6852737367153168 , 1.20205557346344
-0.4568491578102112 , 1.2979800701141357
-0.9136983156204224 , 1.4708449840545654
0.0 , 1.5716147422790527
-0.2284245789051056 , 1.6789040565490723
-0.2284245789051056 , 1.9113284349441528
0.0 , 2.0619442462921143
0.0 , 2.218759298324585
0.2284245789051056 , 2.5512280464172363
0.0 , 2.723264694213867
0.0 , 2.896834373474121
0.2284245789051056 , 3.2011911869049072
0.2284245789051056 , 3.3455631732940674
0.9136983156204224 , 3.6328823566436768
0.6852737367153168 , 3.646406650543213
0.9136983156204224 , 3.7633557319641113
0.6852737367153168 , 4.27215051651001
0.6852737367153168 , 4.439981937408447
0.2284245789051056 , 4.755173683166504
0.4568491578102112 , 4.929647445678711
0.2284245789051056 , 5.127765655517578
0.6852737367153168 , 5.5642218589782715
0.4568491578102112 , 5.769451141357422
0.4568491578102112 , 6.115248680114746
0.4568491578102112 , 6.266589164733887
1.142122894525528 , 6.397336959838867
1.142122894525528 , 6.643889904022217
0.9136983156204224 , 6.7547783851623535
1.142122894525528 , 6.910712242126465
1.142122894525528 , 7.072747707366943
1.3705474734306335 , 7.1495819091796875
1.142122894525528 , 7.3167500495910645
0.6852737367153168 , 7.417113304138184
1.142122894525528 , 7.443747520446777
1.8273966312408447 , 7.647415637969971
3.426368683576584 , 7.764787673950195
2.9695195257663727 , 8.267866134643555
3.426368683576584 , 8.595141410827637
3.1979441046714783 , 8.956488609313965
3.1979441046714783 , 9.591412544250488
3.6547932624816895 , 9.930419921875
5.025340735912323 , 10.290741920471191
6.167463630437851 , 10.855066299438477
5.253765314817429 , 11.034037590026855
4.340066999197006 , 11.350406646728516
5.025340735912323 , 11.476619720458984
5.025340735912323 , 11.587031364440918
4.796916157007217 , 11.797843933105469
3.426368683576584 , 11.932714462280273
4.340066999197006 , 12.451199531555176
5.71061447262764 , 12.640311241149902
5.71061447262764 , 12.832608222961426
5.71061447262764 , 13.303539276123047
6.167463630437851 , 13.563234329223633
5.939039051532745 , 13.914292335510254
6.852737367153168 , 14.038784980773926
7.309586524963379 , 14.026103019714355
7.081161946058273 , 13.848701477050781
7.081161946058273 , 13.788187026977539
6.852737367153168 , 13.63174057006836
6.3958882093429565 , 13.566071510314941
7.081161946058273 , 13.225581169128418
5.71061447262764 , 13.005234718322754
6.624312788248062 , 12.818886756896973
5.253765314817429 , 12.569284439086914
5.939039051532745 , 12.487709999084473
5.482189893722534 , 12.44121265411377
5.939039051532745 , 12.357022285461426
5.253765314817429 , 12.314675331115723
6.167463630437851 , 12.287517547607422
5.253765314817429 , 12.176313400268555
5.71061447262764 , 12.098002433776855
5.253765314817429 , 11.9828519821167
6.167463630437851 , 11.991008758544922
5.71061447262764 , 11.737519264221191
5.025340735912323 , 11.609983444213867
5.025340735912323 , 11.443808555603027
4.796916157007217 , 11.253058433532715
4.796916157007217 , 11.211090087890625
5.482189893722534 , 11.198819160461426
5.253765314817429 , 11.15636157989502
5.482189893722534 , 11.11202621459961
5.482189893722534 , 11.088659286499023
4.796916157007217 , 11.105650901794434
5.939039051532745 , 11.143173217773438
4.568491578102112 , 11.238421440124512
5.482189893722534 , 11.300271034240723
5.482189893722534 , 11.379427909851074
5.253765314817429 , 11.571063041687012
5.939039051532745 , 11.708330154418945
5.025340735912323 , 11.83116626739502
6.167463630437851 , 12.092878341674805
5.71061447262764 , 12.239871978759766
6.852737367153168 , 12.389988899230957
5.939039051532745 , 12.707192420959473
6.167463630437851 , 12.814491271972656
7.081161946058273 , 13.112927436828613
7.76643568277359 , 13.567995071411133
7.5380111038684845 , 13.732704162597656
7.994860261678696 , 13.849224090576172
8.451709419488907 , 14.000777244567871
9.136983156204224 , 14.195527076721191
8.908558577299118 , 14.51683521270752
9.82225689291954 , 14.614644050598145
10.279106050729752 , 14.670072555541992
9.136983156204224 , 14.890909194946289
10.050681471824646 , 14.954642295837402
9.593832314014435 , 14.990556716918945
10.735955208539963 , 14.905134201049805
10.507530629634857 , 14.83738899230957
10.964379787445068 , 14.825648307800293
10.279106050729752 , 14.784224510192871
10.735955208539963 , 14.771431922912598
10.735955208539963 , 14.71280288696289
10.735955208539963 , 14.433588981628418
11.649653524160385 , 14.050342559814453
11.192804366350174 , 13.826131820678711
11.192804366350174 , 13.758155822753906
13.248625576496124 , 13.536794662475586
12.563351839780807 , 13.593008041381836
11.42122894525528 , 13.764577865600586
13.020200997591019 , 13.896392822265625
14.390748471021652 , 13.733442306518555
13.47705015540123 , 13.322721481323242
13.47705015540123 , 12.990924835205078
13.705474734306335 , 12.35462760925293
14.390748471021652 , 11.417593002319336
13.705474734306335 , 11.228954315185547
13.47705015540123 , 11.247218132019043
12.791776418685913 , 11.091005325317383
12.106502681970596 , 11.216816902160645
10.964379787445068 , 10.84024715423584
12.106502681970596 , 10.761494636535645
10.279106050729752 , 10.597603797912598
10.507530629634857 , 10.400628089904785
9.593832314014435 , 9.704302787780762
10.735955208539963 , 9.292945861816406
9.82225689291954 , 8.763412475585938
9.36540773510933 , 8.327912330627441
8.908558577299118 , 7.6280598640441895
6.852737367153168 , 7.580137729644775
5.482189893722534 , 7.907906532287598
6.3958882093429565 , 8.716095924377441
6.3958882093429565 , 8.565162658691406
5.482189893722534 , 8.918288230895996
5.025340735912323 , 9.010780334472656
5.025340735912323 , 8.782163619995117
3.426368683576584 , 9.021588325500488
2.741094946861267 , 9.216574668884277
3.426368683576584 , 9.383844375610352
2.0558212101459503 , 9.689530372619629
2.5126703679561615 , 9.884563446044922
2.5126703679561615 , 10.045318603515625
2.0558212101459503 , 9.837728500366211
1.5989720523357391 , 9.754850387573242
2.0558212101459503 , 9.416078567504883
2.284245789051056 , 9.27082347869873
2.5126703679561615 , 9.07563304901123
2.284245789051056 , 8.613062858581543
1.8273966312408447 , 8.323956489562988
2.284245789051056 , 7.976977825164795
0.9136983156204224 , 7.306898593902588
0.9136983156204224 , 6.9481611251831055
0.6852737367153168 , 6.213626384735107
0.9136983156204224 , 5.82395601272583
0.6852737367153168 , 5.431015491485596
0.2284245789051056 , 4.645810127258301
0.4568491578102112 , 4.265077590942383
0.4568491578102112 , 3.5092246532440186
-0.6852737367153168 , 3.0207512378692627
-1.142122894525528 , 2.6154282093048096
-1.3705474734306335 , 1.553589940071106
-1.5989720523357391 , 0.8909070491790771
-2.284245789051056 , 0.24044418334960938
-2.0558212101459503 , -0.8957929015159607
-2.0558212101459503 , -1.8093854188919067
-2.741094946861267 , -2.2103495597839355
-2.9695195257663727 , -2.576324462890625
-3.426368683576584 , -3.1949117183685303
-4.111642420291901 , -3.388733386993408
-3.883217841386795 , -3.4776110649108887
-4.111642420291901 , -3.5304458141326904
-5.025340735912323 , -3.4956891536712646
-5.025340735912323 , -3.30633544921875
-5.253765314817429 , -3.1669678688049316
-5.71061447262764 , -3.099868059158325
-5.939039051532745 , -3.2889232635498047
-5.025340735912323 , -3.577540159225464
-5.939039051532745 , -3.8482913970947266
-7.76643568277359 , -4.755427360534668
-7.5380111038684845 , -5.420101642608643
-6.852737367153168 , -6.889664649963379
-7.5380111038684845 , -7.743678092956543
-9.82225689291954 , -8.492395401000977
-9.36540773510933 , -9.039620399475098
-10.050681471824646 , -9.12558364868164
-9.82225689291954 , -9.710396766662598
-11.649653524160385 , -10.10245418548584
-10.279106050729752 , -10.415390014648438
-11.42122894525528 , -11.07237720489502
-9.136983156204224 , -11.336833953857422
-10.507530629634857 , -11.499853134155273
-9.593832314014435 , -11.420589447021484
-10.507530629634857 , -11.333064079284668
-10.735955208539963 , -11.041203498840332
-10.507530629634857 , -10.946314811706543
-9.593832314014435 , -10.77886962890625
-10.964379787445068 , -10.874347686767578
-9.136983156204224 , -11.092740058898926
-8.223284840583801 , -11.835371971130371
-9.593832314014435 , -12.120177268981934
-8.223284840583801 , -12.278671264648438
-8.680133998394012 , -13.160319328308105
-11.192804366350174 , -13.580220222473145
-9.593832314014435 , -13.867316246032715
-9.82225689291954 , -14.74125862121582
-9.82225689291954 , -15.128301620483398
-10.507530629634857 , -15.557846069335938
-9.82225689291954 , -15.510425567626953
-9.82225689291954 , -15.205525398254395
-11.87807810306549 , -14.223429679870605
-11.192804366350174 , -13.813777923583984
-12.791776418685913 , -14.80359172821045
-11.87807810306549 , -15.719181060791016
-11.42122894525528 , -16.178268432617188
-10.964379787445068 , -16.472593307495117
-11.42122894525528 , -16.411083221435547
-11.42122894525528 , -16.208271026611328
-9.82225689291954 , -15.573772430419922
-14.847597628831863 , -15.280580520629883
-11.192804366350174 , -15.108899116516113
-11.42122894525528 , -14.810260772705078
-11.192804366350174 , -14.41182804107666
-9.136983156204224 , -13.976505279541016
-9.593832314014435 , -14.017757415771484
-12.334927260875702 , -14.71102523803711
-10.735955208539963 , -15.076192855834961
-12.334927260875702 , -15.27209186553955
-10.507530629634857 , -15.668803215026855
-11.42122894525528 , -16.011974334716797
-9.136983156204224 , -16.324613571166992
-10.279106050729752 , -16.385700225830078
-9.593832314014435 , -16.024789810180664
-9.82225689291954 , -15.564276695251465
-10.964379787445068 , -15.166446685791016
-10.507530629634857 , -14.335978507995605
-11.42122894525528 , -14.111139297485352
-10.507530629634857 , -14.088876724243164
-10.507530629634857 , -14.411670684814453
-9.136983156204224 , -14.703083992004395
-9.36540773510933 , -15.29330062866211
-10.279106050729752 , -15.533642768859863
-9.36540773510933 , -15.63823127746582
-11.192804366350174 , -15.389785766601562
-10.507530629634857 , -15.1496000289917
-9.593832314014435 , -14.72437858581543
-10.279106050729752 , -14.179571151733398
-11.192804366350174 , -14.155505180358887
-10.279106050729752 , -14.229308128356934
-10.507530629634857 , -14.39539623260498
-11.192804366350174 , -14.5922212600708
-8.680133998394012 , -14.793314933776855
-8.451709419488907 , -14.814982414245605
-7.994860261678696 , -14.758903503417969
-8.451709419488907 , -14.794217109680176
-8.680133998394012 , -14.930105209350586
-8.451709419488907 , -14.972315788269043
-8.223284840583801 , -14.975663185119629
-7.5380111038684845 , -14.53851318359375
-8.223284840583801 , -14.199616432189941
-8.908558577299118 , -13.860603332519531
-9.136983156204224 , -13.69775390625
-8.223284840583801 , -13.54117488861084
-8.680133998394012 , -13.30616283416748
-8.680133998394012 , -13.175320625305176
-7.081161946058273 , -12.873490333557129
-7.081161946058273 , -12.306879997253418
-7.309586524963379 , -12.04185962677002
-6.3958882093429565 , -11.364145278930664
-7.081161946058273 , -11.022565841674805
-6.624312788248062 , -10.284296989440918
-6.167463630437851 , -9.798994064331055
-7.081161946058273 , -9.4331636428833
-5.71061447262764 , -8.954545021057129
-4.340066999197006 , -8.862176895141602
-4.568491578102112 , -8.814502716064453
-4.796916157007217 , -8.775127410888672
-4.111642420291901 , -8.767962455749512
-2.741094946861267 , -8.664361953735352
-2.741094946861267 , -8.619199752807617
-2.9695195257663727 , -8.586076736450195
-2.9695195257663727 , -8.462323188781738
-2.9695195257663727 , -8.308212280273438
-2.741094946861267 , -8.107497215270996
-2.9695195257663727 , -7.627097129821777
-2.741094946861267 , -7.439218997955322
-2.9695195257663727 , -7.230961322784424
-3.1979441046714783 , -7.115676403045654
-2.9695195257663727 , -6.9867777824401855
-3.426368683576584 , -6.784937858581543
-2.9695195257663727 , -6.714942455291748
-2.9695195257663727 , -6.773312568664551
-2.9695195257663727 , -6.882774353027344
-2.9695195257663727 , -6.918881416320801
-2.741094946861267 , -6.846243381500244
-2.5126703679561615 , -6.942817687988281
-2.5126703679561615 , -6.912372589111328
-3.1979441046714783 , -6.836263656616211
-3.1979441046714783 , -6.809064865112305
-2.5126703679561615 , -6.4848809242248535
-3.1979441046714783 , -6.334052085876465
-2.9695195257663727 , -6.089792251586914
-2.5126703679561615 , -5.636092185974121
-2.9695195257663727 , -5.55997896194458
-2.5126703679561615 , -5.596007347106934
-2.741094946861267 , -5.591699123382568
-2.741094946861267 , -5.462471008300781
-3.1979441046714783 , -5.346048355102539
-2.9695195257663727 , -5.300538539886475
-2.0558212101459503 , -5.1611456871032715
-2.284245789051056 , -4.809946060180664
-2.741094946861267 , -4.553852558135986
-2.5126703679561615 , -4.196799278259277
-2.284245789051056 , -3.9490623474121094
-1.8273966312408447 , -3.657557487487793
-2.5126703679561615 , -2.952282667160034
-2.0558212101459503 , -2.6130118370056152
-1.8273966312408447 , -2.3393380641937256
-2.284245789051056 , -1.8073577880859375
-1.8273966312408447 , -1.6050585508346558
-1.5989720523357391 , -1.1074986457824707
-1.3705474734306335 , -0.963047444820404
-1.5989720523357391 , -0.8869752287864685
-1.142122894525528 , -0.8860422372817993
-0.6852737367153168 , -0.9477173089981079
-0.6852737367153168 , -1.2333734035491943
